7.215807e+002	6.398187e+002	6.270656e+002	
7.304513e+002	6.458318e+002	6.326327e+002	
7.274436e+002	6.510703e+002	6.391578e+002	
5.613373e+002	4.746372e+002	4.611141e+002	
5.392178e+002	4.446674e+002	4.299193e+002	
5.712331e+002	4.889330e+002	4.760959e+002	
4.297871e+002	3.487686e+002	3.361315e+002	
4.002044e+002	3.158518e+002	3.026946e+002	
4.556020e+002	3.798470e+002	3.680307e+002	
3.423704e+002	2.784378e+002	2.684656e+002	
3.218000e+002	2.552968e+002	2.449236e+002	
3.758871e+002	3.158347e+002	3.064678e+002	
2.884286e+002	2.409216e+002	2.335115e+002	
2.552503e+002	2.067828e+002	1.992230e+002	
3.153801e+002	2.706466e+002	2.636690e+002	
2.361714e+002	1.834666e+002	1.752457e+002	
2.336752e+002	1.798128e+002	1.714114e+002	
2.582609e+002	2.080960e+002	2.002713e+002	
3.101422e+002	2.399407e+002	2.289909e+002	
3.081105e+002	2.355869e+002	2.242748e+002	
3.329469e+002	2.659768e+002	2.555310e+002	
3.911404e+002	3.071282e+002	2.940240e+002	
3.882227e+002	3.021914e+002	2.887726e+002	
4.041499e+002	3.249462e+002	3.125921e+002	
4.951787e+002	4.070178e+002	3.932664e+002	
4.965322e+002	4.051614e+002	3.909094e+002	
5.002828e+002	4.174765e+002	4.045605e+002	
6.028689e+002	5.246646e+002	5.124666e+002	
6.030821e+002	5.228896e+002	5.103814e+002	
6.028776e+002	5.299285e+002	5.185499e+002	
2.434547e+002	1.898992e+002	1.815457e+002	
2.258095e+002	1.710214e+002	1.624756e+002	
2.626508e+002	2.114044e+002	2.034110e+002	
3.178393e+002	2.447184e+002	2.333131e+002	
2.992501e+002	2.245912e+002	2.129459e+002	
3.455239e+002	2.769992e+002	2.663109e+002	
4.229066e+002	3.343631e+002	3.205522e+002	
4.059430e+002	3.135127e+002	2.990955e+002	
4.502233e+002	3.665532e+002	3.535024e+002	
5.655798e+002	4.695629e+002	4.545864e+002	
5.544075e+002	4.531443e+002	4.373493e+002	
5.788900e+002	4.886650e+002	4.745918e+002	
7.209103e+002	6.355983e+002	6.222914e+002	
7.165186e+002	6.272234e+002	6.132949e+002	
7.186188e+002	6.395040e+002	6.271642e+002	
5.868375e+002	5.117866e+002	5.000800e+002	
4.873055e+002	4.040143e+002	3.910229e+002	
3.946038e+002	3.183683e+002	3.064772e+002	
3.297320e+002	2.682003e+002	2.586027e+002	
2.654740e+002	2.173623e+002	2.098579e+002	
5.871062e+002	5.070027e+002	4.945082e+002	
4.784189e+002	3.895380e+002	3.756745e+002	
3.839502e+002	3.042216e+002	2.917855e+002	
3.092943e+002	2.431034e+002	2.327789e+002	
2.501520e+002	2.008160e+002	1.931207e+002	
5.865378e+002	5.146992e+002	5.034942e+002	
4.908713e+002	4.127209e+002	4.005312e+002	
3.944719e+002	3.229856e+002	3.118351e+002	
3.338204e+002	2.739947e+002	2.646631e+002	
2.635990e+002	2.172620e+002	2.100343e+002	
2.557799e+002	1.988362e+002	1.899543e+002	
3.353468e+002	2.582999e+002	2.462822e+002	
4.419198e+002	3.511786e+002	3.370247e+002	
5.831531e+002	4.871352e+002	4.721588e+002	
7.489285e+002	6.641701e+002	6.509493e+002	
2.363953e+002	1.797581e+002	1.709239e+002	
3.153644e+002	2.388793e+002	2.269492e+002	
4.174402e+002	3.218961e+002	3.069932e+002	
5.646214e+002	4.650933e+002	4.495691e+002	
7.488255e+002	6.605063e+002	6.467302e+002	
2.733821e+002	2.186268e+002	2.100862e+002	
3.597094e+002	2.868985e+002	2.755416e+002	
4.565061e+002	3.691933e+002	3.555744e+002	
5.918792e+002	4.996219e+002	4.852319e+002	
7.469752e+002	6.659769e+002	6.533430e+002	
5.789865e+002	5.198423e+002	5.106171e+002	
4.936774e+002	4.238089e+002	4.129109e+002	
4.460114e+002	3.795453e+002	3.691780e+002	
3.939495e+002	3.365219e+002	3.275643e+002	
3.455687e+002	3.034640e+002	2.968966e+002	
5.866613e+002	5.122645e+002	5.006601e+002	
4.863481e+002	4.009830e+002	3.876680e+002	
4.131715e+002	3.325517e+002	3.199767e+002	
3.489695e+002	2.815617e+002	2.710475e+002	
2.932660e+002	2.421602e+002	2.341887e+002	
5.878808e+002	5.182546e+002	5.073947e+002	
4.937592e+002	4.134718e+002	4.009487e+002	
4.065844e+002	3.294946e+002	3.174702e+002	
3.538264e+002	2.897572e+002	2.797638e+002	
2.984324e+002	2.496575e+002	2.420497e+002	
6.794163e+002	6.794163e+002	6.794163e+002	
6.801352e+002	6.801352e+002	6.801352e+002	
6.796451e+002	6.796451e+002	6.796451e+002	
6.777989e+002	6.777989e+002	6.777989e+002	
6.831050e+002	6.831050e+002	6.831050e+002	
6.795840e+002	6.795840e+002	6.795840e+002	
6.788459e+002	6.788459e+002	6.788459e+002	
6.764859e+002	6.764859e+002	6.764859e+002	
6.765699e+002	6.765699e+002	6.765699e+002	
6.775839e+002	6.775839e+002	6.775839e+002	
6.804603e+002	6.804603e+002	6.804603e+002	
6.811931e+002	6.811931e+002	6.811931e+002	
6.770613e+002	6.770613e+002	6.770613e+002	
6.793613e+002	6.793613e+002	6.793613e+002	
6.752736e+002	6.752736e+002	6.752736e+002	
5.908677e+002	5.241277e+002	5.137178e+002	
4.981026e+002	4.192241e+002	4.069206e+002	
4.228971e+002	3.481653e+002	3.365087e+002	
3.626124e+002	2.995225e+002	2.896818e+002	
3.200852e+002	2.737558e+002	2.665293e+002	
5.872189e+002	5.208910e+002	5.105449e+002	
5.022905e+002	4.243324e+002	4.121727e+002	
4.351936e+002	3.608188e+002	3.492180e+002	
3.778446e+002	3.157557e+002	3.060711e+002	
3.279994e+002	2.807098e+002	2.733336e+002	
5.742502e+002	5.197166e+002	5.112105e+002	
5.083841e+002	4.457014e+002	4.359240e+002	
4.473682e+002	3.867500e+002	3.772950e+002	
4.150206e+002	3.643673e+002	3.564664e+002	
3.679549e+002	3.292256e+002	3.231847e+002	
7.225244e+002	6.540949e+002	6.435889e+002	
7.311551e+002	6.507754e+002	6.383771e+002	
7.294252e+002	6.511232e+002	6.390729e+002	
5.788969e+002	5.004156e+002	4.882665e+002	
5.480476e+002	4.568667e+002	4.427809e+002	
5.782625e+002	4.931770e+002	4.800641e+002	
4.826319e+002	4.106821e+002	3.995591e+002	
4.173249e+002	3.317925e+002	3.186140e+002	
4.614764e+002	3.809628e+002	3.685912e+002	
4.165020e+002	3.574510e+002	3.483248e+002	
3.468113e+002	2.767654e+002	2.659675e+002	
3.782462e+002	3.125914e+002	3.024979e+002	
3.746672e+002	3.312295e+002	3.245204e+002	
2.837611e+002	2.308977e+002	2.227407e+002	
3.079841e+002	2.569608e+002	2.490999e+002	
5.896406e+002	5.054753e+002	4.926301e+002	
4.773107e+002	3.833695e+002	3.689837e+002	
3.819327e+002	2.951226e+002	2.818158e+002	
3.060924e+002	2.338737e+002	2.227988e+002	
2.380768e+002	1.828475e+002	1.743898e+002	
5.883820e+002	5.019096e+002	4.886309e+002	
4.676786e+002	3.707156e+002	3.558300e+002	
3.708063e+002	2.820311e+002	2.683847e+002	
2.947587e+002	2.221054e+002	2.109336e+002	
2.232138e+002	1.670043e+002	1.583828e+002	
5.937642e+002	5.149942e+002	5.029089e+002	
4.812860e+002	3.943251e+002	3.809682e+002	
3.868020e+002	3.058652e+002	2.934570e+002	
3.055331e+002	2.370516e+002	2.265357e+002	
2.397139e+002	1.869122e+002	1.788040e+002	
3.679038e+002	3.211207e+002	3.138831e+002	
3.125435e+002	2.606870e+002	2.527108e+002	
3.339539e+002	2.845550e+002	2.769814e+002	
4.199107e+002	3.558646e+002	3.459408e+002	
3.641021e+002	2.903218e+002	2.789382e+002	
3.965004e+002	3.289834e+002	3.185936e+002	
4.847378e+002	4.088819e+002	3.971165e+002	
4.438655e+002	3.561366e+002	3.425620e+002	
4.800276e+002	3.999153e+002	3.875751e+002	
5.919830e+002	5.135001e+002	5.013308e+002	
5.739485e+002	4.814622e+002	4.671451e+002	
5.954087e+002	5.111603e+002	4.981519e+002	
7.109882e+002	6.442327e+002	6.338791e+002	
7.108743e+002	6.293404e+002	6.167089e+002	
7.106680e+002	6.377433e+002	6.264893e+002	
5.632881e+002	5.632881e+002	5.632881e+002	
5.627134e+002	5.627134e+002	5.627134e+002	
5.606503e+002	5.606503e+002	5.606503e+002	
5.586338e+002	5.586338e+002	5.586338e+002	
5.626992e+002	5.626992e+002	5.626992e+002	
5.578589e+002	5.578589e+002	5.578589e+002	
5.569182e+002	5.569182e+002	5.569182e+002	
5.556853e+002	5.556853e+002	5.556853e+002	
5.606389e+002	5.606389e+002	5.606389e+002	
5.602000e+002	5.602000e+002	5.602000e+002	
5.612744e+002	5.612744e+002	5.612744e+002	
5.673096e+002	5.673096e+002	5.673096e+002	
5.617899e+002	5.617899e+002	5.617899e+002	
5.637690e+002	5.637690e+002	5.637690e+002	
5.570850e+002	5.570850e+002	5.570850e+002	
2.913365e+002	2.407292e+002	2.328356e+002	
3.560465e+002	2.885111e+002	2.779768e+002	
4.513621e+002	3.686326e+002	3.557286e+002	
5.856580e+002	4.957405e+002	4.817157e+002	
7.456999e+002	6.657434e+002	6.532715e+002	
2.609456e+002	2.085397e+002	2.003657e+002	
3.250999e+002	2.530500e+002	2.418119e+002	
4.168216e+002	3.306743e+002	3.172371e+002	
5.675160e+002	4.727974e+002	4.580233e+002	
7.490948e+002	6.666526e+002	6.537930e+002	
3.259442e+002	2.795048e+002	2.722612e+002	
3.837150e+002	3.193037e+002	3.092571e+002	
4.705144e+002	3.924164e+002	3.802348e+002	
5.927380e+002	5.093021e+002	4.962880e+002	
7.474448e+002	6.724694e+002	6.607745e+002	
5.880472e+002	5.134741e+002	5.018423e+002	
4.773711e+002	3.922864e+002	3.790151e+002	
3.854553e+002	3.071312e+002	2.949143e+002	
3.106089e+002	2.456730e+002	2.355444e+002	
2.548106e+002	2.072457e+002	1.998266e+002	
5.941406e+002	5.160305e+002	5.038471e+002	
4.708510e+002	3.820255e+002	3.681707e+002	
3.777287e+002	2.953207e+002	2.824669e+002	
3.048370e+002	2.383951e+002	2.280316e+002	
2.487830e+002	1.999584e+002	1.923427e+002	
5.855474e+002	5.153448e+002	5.043951e+002	
4.809740e+002	4.028634e+002	3.906796e+002	
4.008383e+002	3.278424e+002	3.164565e+002	
3.285092e+002	2.688163e+002	2.595054e+002	
2.732510e+002	2.273213e+002	2.201571e+002	
2.492218e+002	1.951917e+002	1.868357e+002	
2.268186e+002	1.712359e+002	1.625724e+002	
2.698600e+002	2.174418e+002	2.092684e+002	
3.206304e+002	2.465706e+002	2.350983e+002	
3.032378e+002	2.284991e+002	2.168454e+002	
3.539576e+002	2.848940e+002	2.741241e+002	
4.190466e+002	3.289773e+002	3.150217e+002	
4.021749e+002	3.095033e+002	2.950518e+002	
4.465121e+002	3.619994e+002	3.488194e+002	
5.588154e+002	4.615776e+002	4.464926e+002	
5.534116e+002	4.523863e+002	4.366335e+002	
5.838739e+002	4.946802e+002	4.807763e+002	
7.142396e+002	6.277269e+002	6.143088e+002	
7.178479e+002	6.286937e+002	6.147944e+002	
7.162283e+002	6.362596e+002	6.237884e+002	
5.883321e+002	5.033896e+002	4.907902e+002	
4.890213e+002	3.957144e+002	3.817543e+002	
3.902597e+002	3.046293e+002	2.918424e+002	
2.990079e+002	2.275527e+002	2.168635e+002	
2.457370e+002	1.924080e+002	1.843497e+002	
5.995394e+002	5.143692e+002	5.015360e+002	
4.789458e+002	3.831706e+002	3.688177e+002	
3.744891e+002	2.867903e+002	2.736346e+002	
2.940786e+002	2.222228e+002	2.114488e+002	
2.298023e+002	1.761966e+002	1.681327e+002	
5.931783e+002	5.174387e+002	5.059875e+002	
4.874922e+002	4.013334e+002	3.883744e+002	
3.878899e+002	3.079848e+002	2.959471e+002	
3.062731e+002	2.400067e+002	2.300269e+002	
2.500004e+002	2.000015e+002	1.924603e+002	
7.252789e+002	6.579520e+002	6.474508e+002	
7.214016e+002	6.433914e+002	6.312233e+002	
7.236172e+002	6.518405e+002	6.406449e+002	
5.791119e+002	5.030297e+002	4.911625e+002	
5.454610e+002	4.580367e+002	4.444005e+002	
5.799307e+002	4.990049e+002	4.863821e+002	
4.756200e+002	4.034839e+002	3.922322e+002	
4.269578e+002	3.459100e+002	3.332682e+002	
4.790822e+002	4.049503e+002	3.933869e+002	
4.143150e+002	3.557295e+002	3.465916e+002	
3.521902e+002	2.860645e+002	2.757504e+002	
4.091161e+002	3.491606e+002	3.398087e+002	
3.755934e+002	3.321806e+002	3.254091e+002	
3.041134e+002	2.560994e+002	2.486102e+002	
3.557263e+002	3.114623e+002	3.045582e+002	
2.333635e+002	1.732363e+002	1.641612e+002	
2.377143e+002	1.782495e+002	1.693142e+002	
2.559989e+002	1.996510e+002	1.911057e+002	
3.150228e+002	2.372589e+002	2.255552e+002	
3.138564e+002	2.338925e+002	2.218398e+002	
3.329637e+002	2.600904e+002	2.490413e+002	
3.984543e+002	3.072427e+002	2.934929e+002	
3.932827e+002	3.001098e+002	2.860476e+002	
4.085359e+002	3.229124e+002	3.099380e+002	
4.981039e+002	4.035596e+002	3.892549e+002	
4.958540e+002	3.988870e+002	3.842012e+002	
5.049022e+002	4.158582e+002	4.023124e+002	
6.046464e+002	5.221263e+002	5.095946e+002	
6.023547e+002	5.181327e+002	5.053610e+002	
5.994088e+002	5.217195e+002	5.098853e+002	
3.614322e+002	3.129424e+002	3.055334e+002	
2.843700e+002	2.285761e+002	2.200830e+002	
3.055764e+002	2.513730e+002	2.431191e+002	
4.184788e+002	3.549967e+002	3.453008e+002	
3.525243e+002	2.770265e+002	2.655642e+002	
3.770034e+002	3.035284e+002	2.923581e+002	
4.843136e+002	4.073032e+002	3.955445e+002	
4.476936e+002	3.571607e+002	3.433799e+002	
4.612343e+002	3.745465e+002	3.613373e+002	
5.876339e+002	5.068978e+002	4.945688e+002	
5.690677e+002	4.736333e+002	4.590579e+002	
5.921122e+002	5.025422e+002	4.889061e+002	
7.058503e+002	6.378669e+002	6.274630e+002	
7.193123e+002	6.363522e+002	6.236605e+002	
7.210427e+002	6.424464e+002	6.304380e+002	
5.536348e+002	5.536348e+002	5.536348e+002	
5.570322e+002	5.570322e+002	5.570322e+002	
5.581857e+002	5.581857e+002	5.581857e+002	
5.616423e+002	5.616423e+002	5.616423e+002	
5.579430e+002	5.579430e+002	5.579430e+002	
5.576561e+002	5.576561e+002	5.576561e+002	
5.571553e+002	5.571553e+002	5.571553e+002	
5.633195e+002	5.633195e+002	5.633195e+002	
5.627639e+002	5.627639e+002	5.627639e+002	
5.594045e+002	5.594045e+002	5.594045e+002	
5.610056e+002	5.610056e+002	5.610056e+002	
5.626096e+002	5.626096e+002	5.626096e+002	
5.654034e+002	5.654034e+002	5.654034e+002	
5.567311e+002	5.567311e+002	5.567311e+002	
5.619632e+002	5.619632e+002	5.619632e+002	
2.541031e+002	2.000464e+002	1.918754e+002	
3.290435e+002	2.544911e+002	2.432500e+002	
4.392610e+002	3.492299e+002	3.355962e+002	
5.824869e+002	4.849759e+002	4.702016e+002	
7.481436e+002	6.613797e+002	6.482439e+002	
2.387534e+002	1.838343e+002	1.755101e+002	
3.038036e+002	2.279251e+002	2.164344e+002	
4.110911e+002	3.171149e+002	3.028848e+002	
5.675707e+002	4.667282e+002	4.514684e+002	
7.533043e+002	6.643188e+002	6.508134e+002	
2.809962e+002	2.285919e+002	2.206407e+002	
3.683570e+002	2.990755e+002	2.885443e+002	
4.571004e+002	3.725776e+002	3.597715e+002	
6.004597e+002	5.107186e+002	4.971046e+002	
7.431226e+002	6.627045e+002	6.504960e+002	
5.883402e+002	5.132036e+002	5.014839e+002	
4.797119e+002	3.964329e+002	3.834433e+002	
3.917371e+002	3.130340e+002	3.007579e+002	
3.169013e+002	2.514061e+002	2.411903e+002	
2.628556e+002	2.144121e+002	2.068558e+002	
5.868027e+002	5.062883e+002	4.937295e+002	
4.736318e+002	3.843890e+002	3.704691e+002	
3.815930e+002	2.998873e+002	2.871430e+002	
3.042306e+002	2.378117e+002	2.274518e+002	
2.483451e+002	1.987267e+002	1.909873e+002	
5.889273e+002	5.179470e+002	5.068760e+002	
4.803405e+002	4.010212e+002	3.886491e+002	
3.971728e+002	3.238824e+002	3.124505e+002	
3.277841e+002	2.680773e+002	2.587643e+002	
2.675435e+002	2.217638e+002	2.146231e+002	
2.837803e+002	2.317169e+002	2.236758e+002	
3.484745e+002	2.763887e+002	2.652529e+002	
4.514416e+002	3.668028e+002	3.536996e+002	
5.708760e+002	4.784739e+002	4.641648e+002	
7.171934e+002	6.353692e+002	6.227076e+002	
2.539466e+002	2.003585e+002	1.921172e+002	
3.252867e+002	2.506522e+002	2.391442e+002	
4.172822e+002	3.269857e+002	3.130547e+002	
5.603411e+002	4.626688e+002	4.475670e+002	
7.193905e+002	6.317258e+002	6.182067e+002	
3.153146e+002	2.655894e+002	2.579942e+002	
3.846708e+002	3.169763e+002	3.066037e+002	
4.645604e+002	3.823171e+002	3.696833e+002	
5.921682e+002	5.043424e+002	4.908241e+002	
7.236981e+002	6.467743e+002	6.349639e+002	
5.883393e+002	5.058966e+002	4.932393e+002	
5.938420e+002	5.106104e+002	4.978393e+002	
5.889485e+002	5.123644e+002	5.006173e+002	
4.787005e+002	3.890915e+002	3.753542e+002	
4.749715e+002	3.816472e+002	3.673346e+002	
4.824656e+002	3.980665e+002	3.851520e+002	
3.812870e+002	2.973562e+002	2.844909e+002	
3.742180e+002	2.901147e+002	2.772096e+002	
3.878422e+002	3.101090e+002	2.982314e+002	
3.059066e+002	2.370203e+002	2.264814e+002	
2.925848e+002	2.221179e+002	2.113779e+002	
3.150848e+002	2.519985e+002	2.423281e+002	
2.399049e+002	1.877142e+002	1.797162e+002	
2.350865e+002	1.845658e+002	1.768114e+002	
2.530368e+002	2.049604e+002	1.976433e+002	
2.504114e+002	1.945418e+002	1.861081e+002	
3.311399e+002	2.561440e+002	2.448132e+002	
4.358798e+002	3.446477e+002	3.308935e+002	
5.766295e+002	4.769845e+002	4.619749e+002	
7.498304e+002	6.636381e+002	6.506447e+002	
2.344761e+002	1.785296e+002	1.700957e+002	
3.069483e+002	2.284253e+002	2.166169e+002	
4.163885e+002	3.231040e+002	3.090528e+002	
5.663593e+002	4.637567e+002	4.483328e+002	
7.519198e+002	6.622133e+002	6.486854e+002	
2.888237e+002	2.374502e+002	2.297277e+002	
3.565943e+002	2.859223e+002	2.752775e+002	
4.585912e+002	3.730083e+002	3.601257e+002	
5.874827e+002	4.950486e+002	4.810952e+002	
7.416978e+002	6.605665e+002	6.483310e+002	
5.917919e+002	5.106259e+002	4.982324e+002	
4.768810e+002	3.840701e+002	3.699513e+002	
3.791868e+002	2.938472e+002	2.809084e+002	
3.092816e+002	2.402009e+002	2.296983e+002	
2.410466e+002	1.885532e+002	1.805599e+002	
5.857059e+002	4.988782e+002	4.856799e+002	
4.738173e+002	3.795158e+002	3.652375e+002	
3.685023e+002	2.794149e+002	2.659524e+002	
2.903579e+002	2.185865e+002	2.077432e+002	
2.190552e+002	1.648702e+002	1.566731e+002	
5.882120e+002	5.114984e+002	4.998551e+002	
4.780555e+002	3.923114e+002	3.793322e+002	
3.874603e+002	3.070616e+002	2.949336e+002	
3.109291e+002	2.449573e+002	2.350139e+002	
2.468418e+002	1.971000e+002	1.895991e+002	
2.816708e+002	2.286543e+002	2.205615e+002	
3.473564e+002	2.739154e+002	2.627451e+002	
4.421846e+002	3.516193e+002	3.378696e+002	
5.685331e+002	4.725729e+002	4.580236e+002	
7.255504e+002	6.398715e+002	6.268959e+002	
2.543144e+002	1.991702e+002	1.907631e+002	
3.275103e+002	2.529898e+002	2.416623e+002	
4.219718e+002	3.300941e+002	3.161023e+002	
5.654645e+002	4.658964e+002	4.507568e+002	
7.232162e+002	6.351770e+002	6.218223e+002	
3.194948e+002	2.698965e+002	2.623027e+002	
3.872686e+002	3.197706e+002	3.094457e+002	
4.670952e+002	3.837469e+002	3.710240e+002	
5.909150e+002	5.026916e+002	4.892492e+002	
7.167785e+002	6.367368e+002	6.245256e+002	
5.841219e+002	5.072416e+002	4.955265e+002	
5.869637e+002	5.049086e+002	4.924430e+002	
5.906161e+002	5.176346e+002	5.065624e+002	
4.919243e+002	4.044488e+002	3.911724e+002	
4.841105e+002	3.937452e+002	3.800568e+002	
4.884959e+002	4.074848e+002	3.952416e+002	
4.009576e+002	3.215062e+002	3.094603e+002	
3.889769e+002	3.050320e+002	2.923710e+002	
3.919583e+002	3.159825e+002	3.045204e+002	
3.253188e+002	2.591479e+002	2.491160e+002	
3.100300e+002	2.395010e+002	2.288471e+002	
3.355207e+002	2.729556e+002	2.635521e+002	
2.615579e+002	2.117104e+002	2.041435e+002	
2.480363e+002	1.957073e+002	1.878206e+002	
2.749330e+002	2.275558e+002	2.204091e+002	
7.310562e+002	6.390530e+002	6.250938e+002	
7.291462e+002	6.374211e+002	6.234628e+002	
7.364742e+002	6.529952e+002	6.402307e+002	
5.582648e+002	4.578769e+002	4.426995e+002	
5.304100e+002	4.273217e+002	4.116256e+002	
5.696583e+002	4.751804e+002	4.607454e+002	
4.199517e+002	3.290968e+002	3.153419e+002	
3.964456e+002	3.032721e+002	2.890797e+002	
4.349798e+002	3.487833e+002	3.355999e+002	
3.116937e+002	2.357795e+002	2.242669e+002	
2.993865e+002	2.226061e+002	2.108988e+002	
3.470066e+002	2.764822e+002	2.656820e+002	
2.394814e+002	1.828617e+002	1.742730e+002	
2.247820e+002	1.668301e+002	1.579715e+002	
2.684067e+002	2.132048e+002	2.047527e+002	
5.809391e+002	5.195045e+002	5.099221e+002	
5.069498e+002	4.358903e+002	4.248066e+002	
4.399964e+002	3.716662e+002	3.610081e+002	
3.930813e+002	3.347116e+002	3.256073e+002	
3.526255e+002	3.095835e+002	3.028697e+002	
5.880887e+002	5.176531e+002	5.066667e+002	
4.935609e+002	4.099267e+002	3.968816e+002	
4.190532e+002	3.409064e+002	3.287172e+002	
3.681452e+002	3.032464e+002	2.931237e+002	
3.129795e+002	2.637645e+002	2.560881e+002	
5.862186e+002	5.193933e+002	5.089701e+002	
4.976472e+002	4.205847e+002	4.085645e+002	
4.284094e+002	3.572977e+002	3.462057e+002	
3.639281e+002	3.025162e+002	2.929373e+002	
3.189538e+002	2.732718e+002	2.661463e+002	
6.737039e+002	6.737039e+002	6.737039e+002	
6.833851e+002	6.833851e+002	6.833851e+002	
6.773373e+002	6.773373e+002	6.773373e+002	
6.762345e+002	6.762345e+002	6.762345e+002	
6.817746e+002	6.817746e+002	6.817746e+002	
6.762922e+002	6.762922e+002	6.762922e+002	
6.790217e+002	6.790217e+002	6.790217e+002	
6.865708e+002	6.865708e+002	6.865708e+002	
6.854504e+002	6.854504e+002	6.854504e+002	
6.801250e+002	6.801250e+002	6.801250e+002	
6.809653e+002	6.809653e+002	6.809653e+002	
6.842087e+002	6.842087e+002	6.842087e+002	
6.768485e+002	6.768485e+002	6.768485e+002	
6.849454e+002	6.849454e+002	6.849454e+002	
6.716130e+002	6.716130e+002	6.716130e+002	
5.894886e+002	5.267588e+002	5.173649e+002	
5.887775e+002	5.122298e+002	5.007429e+002	
5.925341e+002	5.185999e+002	5.074977e+002	
5.085798e+002	4.349889e+002	4.239639e+002	
4.954535e+002	4.067452e+002	3.934915e+002	
4.962504e+002	4.108966e+002	3.982019e+002	
4.462663e+002	3.754563e+002	3.649036e+002	
4.241788e+002	3.395671e+002	3.269895e+002	
4.237855e+002	3.430506e+002	3.310381e+002	
3.976011e+002	3.374960e+002	3.285072e+002	
3.630894e+002	2.906532e+002	2.798831e+002	
3.546917e+002	2.868212e+002	2.767316e+002	
3.590108e+002	3.147650e+002	3.081858e+002	
3.057144e+002	2.521323e+002	2.441562e+002	
3.058083e+002	2.539904e+002	2.462746e+002	
7.083384e+002	7.083384e+002	7.083384e+002	
7.081437e+002	7.081437e+002	7.081437e+002	
7.074095e+002	7.074095e+002	7.074095e+002	
7.079231e+002	7.079231e+002	7.079231e+002	
7.069033e+002	7.069033e+002	7.069033e+002	
7.069197e+002	7.069197e+002	7.069197e+002	
7.057520e+002	7.057520e+002	7.057520e+002	
7.054820e+002	7.054820e+002	7.054820e+002	
7.072023e+002	7.072023e+002	7.072023e+002	
6.981863e+002	6.981863e+002	6.981863e+002	
7.007347e+002	7.007347e+002	7.007347e+002	
7.025952e+002	7.025952e+002	7.025952e+002	
7.050982e+002	7.050982e+002	7.050982e+002	
7.100378e+002	7.100378e+002	7.100378e+002	
7.081254e+002	7.081254e+002	7.081254e+002	
3.232035e+002	2.728299e+002	2.649727e+002	
3.424176e+002	2.930472e+002	2.853464e+002	
3.782304e+002	3.384445e+002	3.322388e+002	
3.742380e+002	3.072087e+002	2.967537e+002	
3.854654e+002	3.183882e+002	3.079257e+002	
4.178095e+002	3.646752e+002	3.563874e+002	
4.352340e+002	3.578628e+002	3.457946e+002	
4.490694e+002	3.728023e+002	3.609062e+002	
4.689378e+002	4.071415e+002	3.975028e+002	
5.081925e+002	4.281934e+002	4.157152e+002	
5.086107e+002	4.309329e+002	4.188169e+002	
5.303753e+002	4.695030e+002	4.600081e+002	
5.975922e+002	5.306144e+002	5.201674e+002	
5.984155e+002	5.333861e+002	5.232429e+002	
5.932410e+002	5.419362e+002	5.339336e+002	
2.440689e+002	1.813187e+002	1.719091e+002	
3.264201e+002	2.452547e+002	2.329947e+002	
4.359840e+002	3.389291e+002	3.243138e+002	
5.674531e+002	4.630621e+002	4.473290e+002	
7.330389e+002	6.421376e+002	6.284006e+002	
2.319085e+002	1.694373e+002	1.600139e+002	
3.075628e+002	2.233187e+002	2.106461e+002	
4.142294e+002	3.147165e+002	2.997018e+002	
5.625379e+002	4.545573e+002	4.382488e+002	
7.205170e+002	6.257861e+002	6.114780e+002	
2.731334e+002	2.143347e+002	2.054789e+002	
3.488291e+002	2.702065e+002	2.583638e+002	
4.480928e+002	3.551087e+002	3.410879e+002	
5.865724e+002	4.875105e+002	4.725623e+002	
7.243820e+002	6.348312e+002	6.213181e+002	
5.904171e+002	5.130878e+002	5.012589e+002	
5.816469e+002	5.129509e+002	5.023426e+002	
5.840325e+002	5.298073e+002	5.214186e+002	
4.962241e+002	4.106669e+002	3.975842e+002	
5.033710e+002	4.245205e+002	4.123304e+002	
5.151143e+002	4.527548e+002	4.431186e+002	
4.146270e+002	3.320660e+002	3.193901e+002	
4.299529e+002	3.542610e+002	3.425349e+002	
4.593528e+002	4.005742e+002	3.914794e+002	
3.523231e+002	2.831144e+002	2.724720e+002	
3.829586e+002	3.186752e+002	3.087454e+002	
4.140869e+002	3.626470e+002	3.546686e+002	
3.061210e+002	2.533592e+002	2.452519e+002	
3.356930e+002	2.886536e+002	2.813889e+002	
3.790958e+002	3.403752e+002	3.343856e+002	
7.272569e+002	6.586755e+002	6.482443e+002	
7.275975e+002	6.428134e+002	6.299744e+002	
7.342825e+002	6.522138e+002	6.397992e+002	
5.836024e+002	5.028655e+002	4.906133e+002	
5.510659e+002	4.548575e+002	4.403120e+002	
5.800601e+002	4.875449e+002	4.735867e+002	
4.852000e+002	4.092737e+002	3.977797e+002	
4.327168e+002	3.432949e+002	3.298074e+002	
4.634987e+002	3.776837e+002	3.647419e+002	
4.139571e+002	3.515621e+002	3.420944e+002	
3.523480e+002	2.786677e+002	2.675502e+002	
3.739319e+002	3.001340e+002	2.890141e+002	
3.717054e+002	3.257356e+002	3.187458e+002	
2.841728e+002	2.285111e+002	2.201098e+002	
3.098080e+002	2.539779e+002	2.455583e+002	
3.542544e+002	3.067459e+002	2.996609e+002	
3.050235e+002	2.466828e+002	2.379803e+002	
3.071906e+002	2.509648e+002	2.425231e+002	
4.097523e+002	3.459210e+002	3.364183e+002	
3.657899e+002	2.884220e+002	2.768282e+002	
3.658109e+002	2.906307e+002	2.793571e+002	
4.575585e+002	3.836886e+002	3.726450e+002	
4.308340e+002	3.411858e+002	3.277557e+002	
4.309461e+002	3.454300e+002	3.326046e+002	
5.261566e+002	4.519671e+002	4.408568e+002	
5.081198e+002	4.180112e+002	4.044814e+002	
5.142377e+002	4.264547e+002	4.132200e+002	
5.949141e+002	5.321048e+002	5.226458e+002	
6.004745e+002	5.239212e+002	5.124227e+002	
6.040629e+002	5.290309e+002	5.177194e+002	
6.781626e+002	6.781626e+002	6.781626e+002	
6.698168e+002	6.698168e+002	6.698168e+002	
6.790228e+002	6.790228e+002	6.790228e+002	
6.799652e+002	6.799652e+002	6.799652e+002	
6.796008e+002	6.796008e+002	6.796008e+002	
6.810358e+002	6.810358e+002	6.810358e+002	
6.780247e+002	6.780247e+002	6.780247e+002	
6.770231e+002	6.770231e+002	6.770231e+002	
6.767991e+002	6.767991e+002	6.767991e+002	
6.779881e+002	6.779881e+002	6.779881e+002	
6.743489e+002	6.743489e+002	6.743489e+002	
6.818219e+002	6.818219e+002	6.818219e+002	
6.792516e+002	6.792516e+002	6.792516e+002	
6.818284e+002	6.818284e+002	6.818284e+002	
6.743082e+002	6.743082e+002	6.743082e+002	
5.632063e+002	5.632063e+002	5.632063e+002	
5.612086e+002	5.612086e+002	5.612086e+002	
5.628646e+002	5.628646e+002	5.628646e+002	
5.543851e+002	5.543851e+002	5.543851e+002	
5.582377e+002	5.582377e+002	5.582377e+002	
5.625297e+002	5.625297e+002	5.625297e+002	
5.631945e+002	5.631945e+002	5.631945e+002	
5.591921e+002	5.591921e+002	5.591921e+002	
5.614332e+002	5.614332e+002	5.614332e+002	
5.602808e+002	5.602808e+002	5.602808e+002	
5.605378e+002	5.605378e+002	5.605378e+002	
5.609496e+002	5.609496e+002	5.609496e+002	
5.651676e+002	5.651676e+002	5.651676e+002	
5.650974e+002	5.650974e+002	5.650974e+002	
5.597619e+002	5.597619e+002	5.597619e+002	
7.070505e+002	7.070505e+002	7.070505e+002	
7.044044e+002	7.044044e+002	7.044044e+002	
7.085964e+002	7.085964e+002	7.085964e+002	
7.059774e+002	7.059774e+002	7.059774e+002	
7.044048e+002	7.044048e+002	7.044048e+002	
7.015928e+002	7.015928e+002	7.015928e+002	
7.017849e+002	7.017849e+002	7.017849e+002	
7.078320e+002	7.078320e+002	7.078320e+002	
7.092376e+002	7.092376e+002	7.092376e+002	
7.142184e+002	7.142184e+002	7.142184e+002	
7.057764e+002	7.057764e+002	7.057764e+002	
7.075203e+002	7.075203e+002	7.075203e+002	
7.092419e+002	7.092419e+002	7.092419e+002	
7.107319e+002	7.107319e+002	7.107319e+002	
7.045869e+002	7.045869e+002	7.045869e+002	
3.048863e+002	2.486028e+002	2.400752e+002	
3.345574e+002	2.821620e+002	2.742767e+002	
3.804652e+002	3.382820e+002	3.319294e+002	
3.620444e+002	2.872033e+002	2.758808e+002	
3.862950e+002	3.163589e+002	3.058239e+002	
4.259473e+002	3.700546e+002	3.616292e+002	
4.309022e+002	3.446761e+002	3.316143e+002	
4.367635e+002	3.564382e+002	3.442941e+002	
4.671921e+002	4.039540e+002	3.943964e+002	
5.145206e+002	4.277318e+002	4.145659e+002	
5.144650e+002	4.323553e+002	4.199046e+002	
5.251830e+002	4.610025e+002	4.512969e+002	
6.058082e+002	5.312368e+002	5.198907e+002	
5.985845e+002	5.302439e+002	5.198862e+002	
5.852093e+002	5.300377e+002	5.216707e+002	
2.478121e+002	1.859521e+002	1.766653e+002	
2.252627e+002	1.624752e+002	1.530559e+002	
2.818040e+002	2.244385e+002	2.158385e+002	
3.335012e+002	2.508517e+002	2.384087e+002	
3.109627e+002	2.265058e+002	2.138379e+002	
3.524569e+002	2.737428e+002	2.619070e+002	
4.342487e+002	3.350485e+002	3.200984e+002	
4.175417e+002	3.176375e+002	3.026185e+002	
4.537388e+002	3.606241e+002	3.466046e+002	
5.770152e+002	4.734248e+002	4.578126e+002	
5.655897e+002	4.589097e+002	4.428035e+002	
5.899418e+002	4.918406e+002	4.770445e+002	
7.235764e+002	6.317731e+002	6.179150e+002	
7.229095e+002	6.279592e+002	6.135942e+002	
7.236871e+002	6.361721e+002	6.229411e+002	
5.893182e+002	5.182041e+002	5.072681e+002	
5.850751e+002	5.169092e+002	5.063616e+002	
5.830840e+002	5.284869e+002	5.200477e+002	
5.000514e+002	4.189054e+002	4.064115e+002	
4.953313e+002	4.155056e+002	4.031522e+002	
5.123079e+002	4.488485e+002	4.390269e+002	
4.299410e+002	3.540784e+002	3.424267e+002	
4.375262e+002	3.623257e+002	3.506848e+002	
4.595573e+002	3.988943e+002	3.894963e+002	
3.741446e+002	3.108067e+002	3.010701e+002	
3.825211e+002	3.184268e+002	3.085361e+002	
4.120308e+002	3.608929e+002	3.529835e+002	
3.306892e+002	2.828362e+002	2.754933e+002	
3.380137e+002	2.903812e+002	2.830373e+002	
3.832142e+002	3.445427e+002	3.385532e+002	
7.041661e+002	7.041661e+002	7.041661e+002	
7.038712e+002	7.038712e+002	7.038712e+002	
7.052820e+002	7.052820e+002	7.052820e+002	
7.111539e+002	7.111539e+002	7.111539e+002	
7.061563e+002	7.061563e+002	7.061563e+002	
7.052502e+002	7.052502e+002	7.052502e+002	
7.088543e+002	7.088543e+002	7.088543e+002	
7.133957e+002	7.133957e+002	7.133957e+002	
7.018458e+002	7.018458e+002	7.018458e+002	
7.061995e+002	7.061995e+002	7.061995e+002	
7.068151e+002	7.068151e+002	7.068151e+002	
7.031564e+002	7.031564e+002	7.031564e+002	
7.050308e+002	7.050308e+002	7.050308e+002	
7.024736e+002	7.024736e+002	7.024736e+002	
7.057692e+002	7.057692e+002	7.057692e+002	
2.949787e+002	2.341609e+002	2.249533e+002	
3.332340e+002	2.799672e+002	2.719209e+002	
3.822385e+002	3.396996e+002	3.332722e+002	
3.642957e+002	2.861427e+002	2.742978e+002	
3.880372e+002	3.171345e+002	3.064025e+002	
4.255606e+002	3.681735e+002	3.595117e+002	
4.297260e+002	3.418080e+002	3.284985e+002	
4.378467e+002	3.570044e+002	3.447536e+002	
4.625773e+002	3.970993e+002	3.872164e+002	
5.103335e+002	4.207714e+002	4.071805e+002	
5.173133e+002	4.355300e+002	4.231466e+002	
5.168152e+002	4.514594e+002	4.415497e+002	
6.006245e+002	5.250251e+002	5.135552e+002	
6.026066e+002	5.326790e+002	5.220614e+002	
5.869525e+002	5.328613e+002	5.246738e+002	
3.683873e+002	3.181877e+002	3.106376e+002	
2.876689e+002	2.272423e+002	2.182193e+002	
3.079098e+002	2.485059e+002	2.396689e+002	
4.230233e+002	3.541802e+002	3.438365e+002	
3.633560e+002	2.827957e+002	2.707538e+002	
3.780069e+002	2.987535e+002	2.869204e+002	
4.918474e+002	4.125208e+002	4.006059e+002	
4.557928e+002	3.603801e+002	3.460886e+002	
4.735701e+002	3.810080e+002	3.671548e+002	
5.947937e+002	5.118992e+002	4.993990e+002	
5.769233e+002	4.771026e+002	4.621158e+002	
5.871553e+002	4.905624e+002	4.760996e+002	
7.204417e+002	6.511169e+002	6.406675e+002	
7.278836e+002	6.410222e+002	6.279478e+002	
7.277598e+002	6.421286e+002	6.292551e+002	
5.564515e+002	5.564515e+002	5.564515e+002	
5.610556e+002	5.610556e+002	5.610556e+002	
5.620940e+002	5.620940e+002	5.620940e+002	
5.637938e+002	5.637938e+002	5.637938e+002	
5.600695e+002	5.600695e+002	5.600695e+002	
5.599017e+002	5.599017e+002	5.599017e+002	
5.569509e+002	5.569509e+002	5.569509e+002	
5.616390e+002	5.616390e+002	5.616390e+002	
5.554343e+002	5.554343e+002	5.554343e+002	
5.588006e+002	5.588006e+002	5.588006e+002	
5.594706e+002	5.594706e+002	5.594706e+002	
5.605571e+002	5.605571e+002	5.605571e+002	
5.663774e+002	5.663774e+002	5.663774e+002	
5.588052e+002	5.588052e+002	5.588052e+002	
5.602354e+002	5.602354e+002	5.602354e+002	
7.074280e+002	7.074280e+002	7.074280e+002	
7.040166e+002	7.040166e+002	7.040166e+002	
7.083463e+002	7.083463e+002	7.083463e+002	
7.101575e+002	7.101575e+002	7.101575e+002	
7.136131e+002	7.136131e+002	7.136131e+002	
7.090010e+002	7.090010e+002	7.090010e+002	
7.067983e+002	7.067983e+002	7.067983e+002	
7.124242e+002	7.124242e+002	7.124242e+002	
7.063449e+002	7.063449e+002	7.063449e+002	
7.028612e+002	7.028612e+002	7.028612e+002	
7.083214e+002	7.083214e+002	7.083214e+002	
7.079795e+002	7.079795e+002	7.079795e+002	
7.040547e+002	7.040547e+002	7.040547e+002	
7.081325e+002	7.081325e+002	7.081325e+002	
6.975867e+002	6.975867e+002	6.975867e+002	
5.647510e+002	5.647510e+002	5.647510e+002	
5.640726e+002	5.640726e+002	5.640726e+002	
5.556543e+002	5.556543e+002	5.556543e+002	
5.615162e+002	5.615162e+002	5.615162e+002	
5.649233e+002	5.649233e+002	5.649233e+002	
5.658500e+002	5.658500e+002	5.658500e+002	
5.627670e+002	5.627670e+002	5.627670e+002	
5.621335e+002	5.621335e+002	5.621335e+002	
5.625573e+002	5.625573e+002	5.625573e+002	
5.617183e+002	5.617183e+002	5.617183e+002	
5.632846e+002	5.632846e+002	5.632846e+002	
5.586869e+002	5.586869e+002	5.586869e+002	
5.619925e+002	5.619925e+002	5.619925e+002	
5.589503e+002	5.589503e+002	5.589503e+002	
5.592749e+002	5.592749e+002	5.592749e+002	
3.642441e+002	3.160182e+002	3.086022e+002	
4.227162e+002	3.568828e+002	3.467327e+002	
4.895172e+002	4.128434e+002	4.010440e+002	
5.959827e+002	5.166166e+002	5.043573e+002	
7.194135e+002	6.519476e+002	6.415226e+002	
2.887062e+002	2.301378e+002	2.211608e+002	
3.526376e+002	2.749779e+002	2.630236e+002	
4.450349e+002	3.533354e+002	3.391907e+002	
5.778765e+002	4.823617e+002	4.676463e+002	
7.233630e+002	6.392840e+002	6.263280e+002	
3.095637e+002	2.529353e+002	2.443160e+002	
3.761016e+002	2.994543e+002	2.877468e+002	
4.754087e+002	3.877574e+002	3.743647e+002	
5.936677e+002	5.016192e+002	4.875399e+002	
7.239792e+002	6.413264e+002	6.286876e+002	
5.993793e+002	5.179611e+002	5.059469e+002	
5.908372e+002	5.185620e+002	5.077945e+002	
5.877346e+002	5.306772e+002	5.221962e+002	
4.982289e+002	4.053134e+002	3.915193e+002	
5.026454e+002	4.173517e+002	4.046565e+002	
5.231563e+002	4.564777e+002	4.465912e+002	
4.283559e+002	3.403977e+002	3.273440e+002	
4.393698e+002	3.591248e+002	3.472131e+002	
4.695040e+002	4.048426e+002	3.952548e+002	
3.541372e+002	2.786511e+002	2.674102e+002	
3.902780e+002	3.218178e+002	3.116148e+002	
4.257842e+002	3.707371e+002	3.625699e+002	
2.999567e+002	2.417563e+002	2.330722e+002	
3.441614e+002	2.935760e+002	2.860341e+002	
3.819101e+002	3.402441e+002	3.340527e+002	
7.340698e+002	6.542421e+002	6.421622e+002	
7.274420e+002	6.495333e+002	6.377548e+002	
7.248547e+002	6.613656e+002	6.517344e+002	
5.800087e+002	4.905811e+002	4.771158e+002	
5.587295e+002	4.689337e+002	4.553819e+002	
6.063060e+002	5.356780e+002	5.250204e+002	
4.536754e+002	3.709960e+002	3.585706e+002	
4.461586e+002	3.652324e+002	3.530338e+002	
5.198044e+002	4.546689e+002	4.448017e+002	
3.843199e+002	3.177123e+002	3.076906e+002	
3.744805e+002	3.070754e+002	2.968818e+002	
4.573788e+002	4.018225e+002	3.933929e+002	
3.370024e+002	2.875989e+002	2.801686e+002	
3.345360e+002	2.848994e+002	2.774251e+002	
4.180244e+002	3.776549e+002	3.715276e+002	
5.610823e+002	5.610823e+002	5.610823e+002	
5.574388e+002	5.574388e+002	5.574388e+002	
5.613023e+002	5.613023e+002	5.613023e+002	
5.632884e+002	5.632884e+002	5.632884e+002	
5.619310e+002	5.619310e+002	5.619310e+002	
5.524384e+002	5.524384e+002	5.524384e+002	
5.636918e+002	5.636918e+002	5.636918e+002	
5.577997e+002	5.577997e+002	5.577997e+002	
5.655806e+002	5.655806e+002	5.655806e+002	
5.615554e+002	5.615554e+002	5.615554e+002	
5.653702e+002	5.653702e+002	5.653702e+002	
5.597471e+002	5.597471e+002	5.597471e+002	
5.668874e+002	5.668874e+002	5.668874e+002	
5.557534e+002	5.557534e+002	5.557534e+002	
5.593915e+002	5.593915e+002	5.593915e+002	
3.659374e+002	3.200762e+002	3.129996e+002	
4.166213e+002	3.526901e+002	3.428152e+002	
4.927695e+002	4.182837e+002	4.067735e+002	
5.931859e+002	5.149279e+002	5.028157e+002	
7.151870e+002	6.481913e+002	6.378213e+002	
2.841869e+002	2.290596e+002	2.205670e+002	
3.546866e+002	2.791736e+002	2.675534e+002	
4.407369e+002	3.522954e+002	3.386521e+002	
5.681277e+002	4.732238e+002	4.585724e+002	
7.170473e+002	6.342607e+002	6.214970e+002	
3.182112e+002	2.658925e+002	2.579146e+002	
3.842392e+002	3.123020e+002	3.012918e+002	
4.642842e+002	3.784406e+002	3.652897e+002	
5.909385e+002	5.010438e+002	4.872343e+002	
7.145585e+002	6.367327e+002	6.247706e+002	
5.950299e+002	5.088128e+002	4.958978e+002	
5.971090e+002	5.096586e+002	4.965345e+002	
5.983652e+002	5.192200e+002	5.073372e+002	
4.886074e+002	3.942478e+002	3.801700e+002	
4.736783e+002	3.762668e+002	3.617293e+002	
4.917731e+002	4.007064e+002	3.871038e+002	
3.852393e+002	2.950398e+002	2.816207e+002	
3.903957e+002	2.992879e+002	2.857469e+002	
3.930040e+002	3.067321e+002	2.939188e+002	
3.026451e+002	2.272825e+002	2.160768e+002	
2.978618e+002	2.208745e+002	2.094517e+002	
3.213536e+002	2.492678e+002	2.385565e+002	
2.504306e+002	1.952483e+002	1.870678e+002	
2.468297e+002	1.895105e+002	1.810048e+002	
2.650640e+002	2.101984e+002	2.020610e+002	
7.276122e+002	6.443995e+002	6.318414e+002	
7.156138e+002	6.378344e+002	6.260380e+002	
7.253109e+002	6.642330e+002	6.549633e+002	
5.617524e+002	4.678778e+002	4.537263e+002	
5.605947e+002	4.736379e+002	4.604908e+002	
6.040631e+002	5.355918e+002	5.252047e+002	
4.432271e+002	3.561579e+002	3.430746e+002	
4.341258e+002	3.516973e+002	3.392544e+002	
5.163921e+002	4.509276e+002	4.410065e+002	
3.624788e+002	2.921479e+002	2.815673e+002	
3.651044e+002	2.977980e+002	2.876555e+002	
4.589627e+002	4.048096e+002	3.966185e+002	
2.893484e+002	2.359145e+002	2.278716e+002	
3.235987e+002	2.745525e+002	2.671173e+002	
4.121931e+002	3.717747e+002	3.656562e+002	
5.585143e+002	5.585143e+002	5.585143e+002	
5.618419e+002	5.618419e+002	5.618419e+002	
5.595346e+002	5.595346e+002	5.595346e+002	
5.629887e+002	5.629887e+002	5.629887e+002	
5.592213e+002	5.592213e+002	5.592213e+002	
5.667147e+002	5.667147e+002	5.667147e+002	
5.577537e+002	5.577537e+002	5.577537e+002	
5.660978e+002	5.660978e+002	5.660978e+002	
5.551880e+002	5.551880e+002	5.551880e+002	
5.531618e+002	5.531618e+002	5.531618e+002	
5.578342e+002	5.578342e+002	5.578342e+002	
5.636085e+002	5.636085e+002	5.636085e+002	
5.620685e+002	5.620685e+002	5.620685e+002	
5.654349e+002	5.654349e+002	5.654349e+002	
5.610286e+002	5.610286e+002	5.610286e+002	
3.703025e+002	3.236746e+002	3.164969e+002	
4.271758e+002	3.633826e+002	3.535268e+002	
4.956015e+002	4.202094e+002	4.085434e+002	
5.892433e+002	5.093368e+002	4.969602e+002	
7.102371e+002	6.402495e+002	6.294320e+002	
3.111042e+002	2.576112e+002	2.493656e+002	
3.638943e+002	2.927961e+002	2.818413e+002	
4.536593e+002	3.671655e+002	3.537943e+002	
5.752397e+002	4.842937e+002	4.702220e+002	
7.148162e+002	6.355999e+002	6.233461e+002	
3.538117e+002	3.048271e+002	2.973060e+002	
4.162452e+002	3.497266e+002	3.395099e+002	
4.816550e+002	4.016952e+002	3.893847e+002	
6.001983e+002	5.161866e+002	5.032386e+002	
7.176771e+002	6.446837e+002	6.334445e+002	
5.903591e+002	5.035964e+002	4.906288e+002	
5.946111e+002	5.061252e+002	4.928960e+002	
6.026186e+002	5.231253e+002	5.112698e+002	
4.844386e+002	3.879651e+002	3.736099e+002	
4.793280e+002	3.810823e+002	3.664847e+002	
4.929618e+002	4.000690e+002	3.863290e+002	
3.883098e+002	2.979257e+002	2.844601e+002	
3.788984e+002	2.855366e+002	2.717144e+002	
3.912405e+002	3.072286e+002	2.947647e+002	
3.069312e+002	2.304633e+002	2.191233e+002	
3.037303e+002	2.266184e+002	2.152396e+002	
3.151727e+002	2.444113e+002	2.339695e+002	
2.486331e+002	1.925136e+002	1.842160e+002	
2.400295e+002	1.825480e+002	1.740227e+002	
2.463654e+002	1.923549e+002	1.843401e+002	
2.923277e+002	2.326434e+002	2.236810e+002	
3.676180e+002	2.890881e+002	2.772499e+002	
4.758139e+002	3.847386e+002	3.710179e+002	
5.968087e+002	5.016953e+002	4.873582e+002	
7.454699e+002	6.636780e+002	6.513332e+002	
3.294267e+002	2.766837e+002	2.687121e+002	
3.873524e+002	3.149478e+002	3.039947e+002	
4.629050e+002	3.773636e+002	3.644271e+002	
5.900457e+002	5.010244e+002	4.875558e+002	
7.393705e+002	6.649060e+002	6.536242e+002	
4.246798e+002	3.816552e+002	3.751186e+002	
4.697239e+002	4.116757e+002	4.028842e+002	
5.349586e+002	4.671321e+002	4.568487e+002	
6.244642e+002	5.533282e+002	5.425355e+002	
7.296778e+002	6.687212e+002	6.594572e+002	
5.596959e+002	5.596959e+002	5.596959e+002	
5.635975e+002	5.635975e+002	5.635975e+002	
5.584875e+002	5.584875e+002	5.584875e+002	
5.577745e+002	5.577745e+002	5.577745e+002	
5.648214e+002	5.648214e+002	5.648214e+002	
5.582255e+002	5.582255e+002	5.582255e+002	
5.599977e+002	5.599977e+002	5.599977e+002	
5.605556e+002	5.605556e+002	5.605556e+002	
5.637089e+002	5.637089e+002	5.637089e+002	
5.652426e+002	5.652426e+002	5.652426e+002	
5.657428e+002	5.657428e+002	5.657428e+002	
5.583122e+002	5.583122e+002	5.583122e+002	
5.571710e+002	5.571710e+002	5.571710e+002	
5.581418e+002	5.581418e+002	5.581418e+002	
5.646285e+002	5.646285e+002	5.646285e+002	
6.773047e+002	6.773047e+002	6.773047e+002	
6.834482e+002	6.834482e+002	6.834482e+002	
6.795593e+002	6.795593e+002	6.795593e+002	
6.870619e+002	6.870619e+002	6.870619e+002	
6.803481e+002	6.803481e+002	6.803481e+002	
6.854702e+002	6.854702e+002	6.854702e+002	
6.719976e+002	6.719976e+002	6.719976e+002	
6.844406e+002	6.844406e+002	6.844406e+002	
6.854587e+002	6.854587e+002	6.854587e+002	
6.841185e+002	6.841185e+002	6.841185e+002	
6.829083e+002	6.829083e+002	6.829083e+002	
6.799617e+002	6.799617e+002	6.799617e+002	
6.822016e+002	6.822016e+002	6.822016e+002	
6.837828e+002	6.837828e+002	6.837828e+002	
6.758619e+002	6.758619e+002	6.758619e+002	
5.960632e+002	5.168308e+002	5.049375e+002	
5.018344e+002	4.106404e+002	3.970010e+002	
4.126789e+002	3.253077e+002	3.122603e+002	
3.474543e+002	2.724185e+002	2.612314e+002	
3.043058e+002	2.484712e+002	2.401478e+002	
5.913416e+002	5.193978e+002	5.085861e+002	
4.988918e+002	4.157246e+002	4.032525e+002	
4.412746e+002	3.626088e+002	3.508561e+002	
3.856248e+002	3.179375e+002	3.078224e+002	
3.350935e+002	2.847239e+002	2.771788e+002	
5.875848e+002	5.307840e+002	5.222316e+002	
5.171085e+002	4.509745e+002	4.410364e+002	
4.658745e+002	4.030624e+002	3.936446e+002	
4.094355e+002	3.545507e+002	3.463510e+002	
3.726790e+002	3.323678e+002	3.263472e+002	
