1.654285e+003	1.654285e+003	1.654285e+003	
1.650614e+003	1.650614e+003	1.650614e+003	
1.651413e+003	1.651413e+003	1.651413e+003	
1.640247e+003	1.640247e+003	1.640247e+003	
1.649245e+003	1.649245e+003	1.649245e+003	
1.659410e+003	1.659410e+003	1.659410e+003	
1.655291e+003	1.655291e+003	1.655291e+003	
1.651631e+003	1.651631e+003	1.651631e+003	
1.651122e+003	1.651122e+003	1.651122e+003	
7.247712e+002	6.441336e+002	6.315560e+002	
7.216924e+002	6.359952e+002	6.226284e+002	
7.265419e+002	6.510411e+002	6.392649e+002	
5.586682e+002	4.685288e+002	4.544688e+002	
5.295950e+002	4.366114e+002	4.221079e+002	
5.675255e+002	4.839201e+002	4.708797e+002	
4.284371e+002	3.486911e+002	3.362526e+002	
4.020658e+002	3.171842e+002	3.039445e+002	
4.500754e+002	3.747182e+002	3.629639e+002	
3.459287e+002	2.821661e+002	2.722203e+002	
3.072272e+002	2.386331e+002	2.279339e+002	
3.755496e+002	3.148129e+002	3.053393e+002	
2.857489e+002	2.380495e+002	2.306094e+002	
2.520347e+002	2.014963e+002	1.936133e+002	
3.124960e+002	2.666793e+002	2.595328e+002	
2.321250e+002	1.785849e+002	1.702338e+002	
2.304346e+002	1.768772e+002	1.685234e+002	
2.599198e+002	2.102682e+002	2.025237e+002	
3.133026e+002	2.436635e+002	2.328013e+002	
3.057033e+002	2.336323e+002	2.223907e+002	
3.271061e+002	2.610940e+002	2.507975e+002	
3.905917e+002	3.058508e+002	2.926331e+002	
3.850068e+002	2.971523e+002	2.834490e+002	
4.055710e+002	3.263069e+002	3.139433e+002	
4.879856e+002	3.980150e+002	3.839814e+002	
4.853208e+002	3.938687e+002	3.796040e+002	
5.020161e+002	4.208469e+002	4.081862e+002	
6.002755e+002	5.217189e+002	5.094658e+002	
5.995586e+002	5.199308e+002	5.075104e+002	
6.006004e+002	5.286574e+002	5.174357e+002	
2.498042e+002	1.963824e+002	1.880497e+002	
2.270248e+002	1.727724e+002	1.643102e+002	
2.803393e+002	2.315487e+002	2.239384e+002	
3.166552e+002	2.440292e+002	2.327011e+002	
3.065738e+002	2.313924e+002	2.196657e+002	
3.438229e+002	2.741075e+002	2.632334e+002	
4.288574e+002	3.407381e+002	3.269935e+002	
4.136547e+002	3.225406e+002	3.083287e+002	
4.502867e+002	3.659132e+002	3.527524e+002	
5.640539e+002	4.685340e+002	4.536349e+002	
5.525566e+002	4.527355e+002	4.371656e+002	
5.752491e+002	4.857682e+002	4.718110e+002	
7.127209e+002	6.290619e+002	6.160126e+002	
7.191173e+002	6.293852e+002	6.153889e+002	
7.176249e+002	6.364932e+002	6.238382e+002	
5.896427e+002	5.140443e+002	5.022523e+002	
4.819285e+002	3.990549e+002	3.861284e+002	
3.839270e+002	3.064384e+002	2.943518e+002	
3.208067e+002	2.575453e+002	2.476778e+002	
2.635072e+002	2.159524e+002	2.085349e+002	
5.928573e+002	5.142896e+002	5.020345e+002	
4.705817e+002	3.821928e+002	3.684061e+002	
3.791893e+002	2.994194e+002	2.869770e+002	
3.114400e+002	2.462150e+002	2.360413e+002	
2.533141e+002	2.043987e+002	1.967690e+002	
5.835378e+002	5.119230e+002	5.007525e+002	
4.822785e+002	4.035874e+002	3.913134e+002	
3.965298e+002	3.222822e+002	3.107010e+002	
3.207816e+002	2.600511e+002	2.505783e+002	
2.731237e+002	2.282326e+002	2.212305e+002	
1.652293e+003	1.652293e+003	1.652293e+003	
1.645362e+003	1.645362e+003	1.645362e+003	
1.642860e+003	1.642860e+003	1.642860e+003	
1.651240e+003	1.651240e+003	1.651240e+003	
1.656335e+003	1.656335e+003	1.656335e+003	
1.645867e+003	1.645867e+003	1.645867e+003	
1.655473e+003	1.655473e+003	1.655473e+003	
1.651736e+003	1.651736e+003	1.651736e+003	
1.656747e+003	1.656747e+003	1.656747e+003	
2.517309e+002	1.955706e+002	1.868107e+002	
3.291491e+002	2.516577e+002	2.395708e+002	
4.369008e+002	3.453684e+002	3.310914e+002	
5.879740e+002	4.927895e+002	4.779424e+002	
7.425970e+002	6.566516e+002	6.432458e+002	
2.406368e+002	1.840969e+002	1.752779e+002	
3.049926e+002	2.261449e+002	2.138463e+002	
4.130849e+002	3.193857e+002	3.047706e+002	
5.666226e+002	4.680005e+002	4.526178e+002	
7.451713e+002	6.570261e+002	6.432773e+002	
2.739510e+002	2.198453e+002	2.114060e+002	
3.589852e+002	2.874845e+002	2.763319e+002	
4.607348e+002	3.747931e+002	3.613881e+002	
5.923410e+002	4.987578e+002	4.841608e+002	
7.445035e+002	6.634753e+002	6.508366e+002	
5.823773e+002	5.216873e+002	5.122209e+002	
5.029713e+002	4.333049e+002	4.224383e+002	
4.421032e+002	3.755291e+002	3.651450e+002	
3.940050e+002	3.375053e+002	3.286925e+002	
3.458725e+002	3.044937e+002	2.980395e+002	
5.901187e+002	5.155298e+002	5.038957e+002	
4.891891e+002	4.037707e+002	3.904472e+002	
4.077461e+002	3.261626e+002	3.134373e+002	
3.519718e+002	2.842769e+002	2.737179e+002	
2.982422e+002	2.466641e+002	2.386191e+002	
5.881904e+002	5.187293e+002	5.078950e+002	
4.952635e+002	4.154721e+002	4.030264e+002	
4.096734e+002	3.327582e+002	3.207609e+002	
3.546410e+002	2.903329e+002	2.803022e+002	
3.012281e+002	2.513714e+002	2.435949e+002	
6.791278e+002	6.791278e+002	6.791278e+002	
6.871845e+002	6.871845e+002	6.871845e+002	
6.839837e+002	6.839837e+002	6.839837e+002	
6.764371e+002	6.764371e+002	6.764371e+002	
6.749434e+002	6.749434e+002	6.749434e+002	
6.770256e+002	6.770256e+002	6.770256e+002	
6.773081e+002	6.773081e+002	6.773081e+002	
6.836408e+002	6.836408e+002	6.836408e+002	
6.779888e+002	6.779888e+002	6.779888e+002	
6.771798e+002	6.771798e+002	6.771798e+002	
6.812540e+002	6.812540e+002	6.812540e+002	
6.800988e+002	6.800988e+002	6.800988e+002	
6.775168e+002	6.775168e+002	6.775168e+002	
6.683226e+002	6.683226e+002	6.683226e+002	
6.770128e+002	6.770128e+002	6.770128e+002	
5.867132e+002	5.188494e+002	5.082641e+002	
4.939223e+002	4.155050e+002	4.032735e+002	
4.218431e+002	3.459556e+002	3.341188e+002	
3.605714e+002	2.974626e+002	2.876189e+002	
3.118123e+002	2.643581e+002	2.569563e+002	
5.819280e+002	5.155314e+002	5.051750e+002	
4.969361e+002	4.199608e+002	4.079544e+002	
4.394859e+002	3.654962e+002	3.539554e+002	
3.797662e+002	3.168055e+002	3.069850e+002	
3.350804e+002	2.873443e+002	2.798985e+002	
5.836361e+002	5.315643e+002	5.234421e+002	
5.139889e+002	4.523566e+002	4.427434e+002	
4.509571e+002	3.919093e+002	3.826989e+002	
4.058889e+002	3.551597e+002	3.472470e+002	
3.667693e+002	3.280709e+002	3.220347e+002	
1.660264e+003	1.660264e+003	1.660264e+003	
1.650019e+003	1.650019e+003	1.650019e+003	
1.648967e+003	1.648967e+003	1.648967e+003	
1.647449e+003	1.647449e+003	1.647449e+003	
1.656252e+003	1.656252e+003	1.656252e+003	
1.656472e+003	1.656472e+003	1.656472e+003	
1.653433e+003	1.653433e+003	1.653433e+003	
1.653335e+003	1.653335e+003	1.653335e+003	
1.654373e+003	1.654373e+003	1.654373e+003	
7.280518e+002	6.594044e+002	6.488389e+002	
7.202598e+002	6.376890e+002	6.249901e+002	
7.280751e+002	6.493162e+002	6.372336e+002	
5.785545e+002	5.014015e+002	4.894751e+002	
5.521046e+002	4.610183e+002	4.469637e+002	
5.752528e+002	4.890606e+002	4.758204e+002	
4.760402e+002	4.034554e+002	3.922239e+002	
4.282238e+002	3.432347e+002	3.301163e+002	
4.556123e+002	3.744680e+002	3.619971e+002	
4.096646e+002	3.508043e+002	3.417049e+002	
3.361208e+002	2.662209e+002	2.554382e+002	
3.807814e+002	3.159511e+002	3.059969e+002	
3.689144e+002	3.248264e+002	3.180503e+002	
2.806585e+002	2.294957e+002	2.216045e+002	
3.134971e+002	2.630156e+002	2.552820e+002	
5.911478e+002	5.079113e+002	4.951792e+002	
4.781639e+002	3.859948e+002	3.718123e+002	
3.813932e+002	2.949295e+002	2.816501e+002	
2.999317e+002	2.265577e+002	2.152971e+002	
2.399415e+002	1.856121e+002	1.772657e+002	
5.926783e+002	5.072846e+002	4.941614e+002	
4.716919e+002	3.771364e+002	3.625616e+002	
3.703900e+002	2.811684e+002	2.674507e+002	
2.856503e+002	2.112472e+002	1.998408e+002	
2.224902e+002	1.666242e+002	1.580624e+002	
5.889982e+002	5.110735e+002	4.991163e+002	
4.823114e+002	3.965176e+002	3.833323e+002	
3.858389e+002	3.031802e+002	2.905085e+002	
3.035329e+002	2.350860e+002	2.245864e+002	
2.359025e+002	1.821523e+002	1.739188e+002	
3.701060e+002	3.234243e+002	3.162244e+002	
3.053063e+002	2.524758e+002	2.443293e+002	
3.405893e+002	2.917939e+002	2.842963e+002	
4.173343e+002	3.536436e+002	3.437958e+002	
3.676786e+002	2.955746e+002	2.844422e+002	
3.953851e+002	3.266483e+002	3.160538e+002	
4.899273e+002	4.148564e+002	4.032261e+002	
4.543358e+002	3.686020e+002	3.553600e+002	
4.837652e+002	4.029978e+002	3.905338e+002	
5.942815e+002	5.130251e+002	5.004366e+002	
5.744202e+002	4.823839e+002	4.681487e+002	
5.949689e+002	5.115301e+002	4.986638e+002	
7.115930e+002	6.435900e+002	6.330453e+002	
7.176819e+002	6.390129e+002	6.268068e+002	
7.186071e+002	6.453800e+002	6.340849e+002	
5.561580e+002	5.561580e+002	5.561580e+002	
5.623997e+002	5.623997e+002	5.623997e+002	
5.629419e+002	5.629419e+002	5.629419e+002	
5.538905e+002	5.538905e+002	5.538905e+002	
5.604566e+002	5.604566e+002	5.604566e+002	
5.635076e+002	5.635076e+002	5.635076e+002	
5.596383e+002	5.596383e+002	5.596383e+002	
5.600967e+002	5.600967e+002	5.600967e+002	
5.600400e+002	5.600400e+002	5.600400e+002	
5.568283e+002	5.568283e+002	5.568283e+002	
5.651509e+002	5.651509e+002	5.651509e+002	
5.532237e+002	5.532237e+002	5.532237e+002	
5.619472e+002	5.619472e+002	5.619472e+002	
5.595530e+002	5.595530e+002	5.595530e+002	
5.552064e+002	5.552064e+002	5.552064e+002	
1.647954e+003	1.647954e+003	1.647954e+003	
1.652319e+003	1.652319e+003	1.652319e+003	
1.656094e+003	1.656094e+003	1.656094e+003	
1.654321e+003	1.654321e+003	1.654321e+003	
1.653001e+003	1.653001e+003	1.653001e+003	
1.654227e+003	1.654227e+003	1.654227e+003	
1.651464e+003	1.651464e+003	1.651464e+003	
1.655059e+003	1.655059e+003	1.655059e+003	
1.652635e+003	1.652635e+003	1.652635e+003	
2.903600e+002	2.409571e+002	2.332512e+002	
3.561909e+002	2.891629e+002	2.787079e+002	
4.560399e+002	3.731826e+002	3.602585e+002	
5.888964e+002	5.007920e+002	4.870497e+002	
7.398154e+002	6.620815e+002	6.499569e+002	
2.599171e+002	2.080135e+002	1.999177e+002	
3.246985e+002	2.539995e+002	2.429720e+002	
4.259243e+002	3.405315e+002	3.272120e+002	
5.677374e+002	4.739728e+002	4.593474e+002	
7.352211e+002	6.520391e+002	6.390646e+002	
3.257173e+002	2.792518e+002	2.720042e+002	
3.914254e+002	3.267664e+002	3.166810e+002	
4.704522e+002	3.932864e+002	3.812502e+002	
6.000575e+002	5.176204e+002	5.047619e+002	
7.452582e+002	6.715397e+002	6.600412e+002	
5.906317e+002	5.154091e+002	5.036762e+002	
4.776904e+002	3.927467e+002	3.794972e+002	
3.872939e+002	3.097377e+002	2.976407e+002	
3.145312e+002	2.510204e+002	2.411140e+002	
2.604575e+002	2.130717e+002	2.056805e+002	
5.908861e+002	5.116300e+002	4.992678e+002	
4.721443e+002	3.836972e+002	3.699013e+002	
3.775328e+002	2.959286e+002	2.832002e+002	
3.055377e+002	2.379176e+002	2.273703e+002	
2.436903e+002	1.932144e+002	1.853412e+002	
5.866115e+002	5.155573e+002	5.044744e+002	
4.894806e+002	4.122393e+002	4.001914e+002	
4.017582e+002	3.291673e+002	3.178446e+002	
3.262424e+002	2.663845e+002	2.570480e+002	
2.768073e+002	2.318945e+002	2.248891e+002	
2.433706e+002	1.890137e+002	1.806008e+002	
2.187319e+002	1.625284e+002	1.537679e+002	
2.725583e+002	2.215198e+002	2.135589e+002	
3.246580e+002	2.513501e+002	2.399987e+002	
3.049479e+002	2.300579e+002	2.183778e+002	
3.543948e+002	2.848843e+002	2.740463e+002	
4.224281e+002	3.337899e+002	3.200490e+002	
4.103446e+002	3.183387e+002	3.039911e+002	
4.490019e+002	3.649380e+002	3.518277e+002	
5.683286e+002	4.726531e+002	4.577981e+002	
5.517189e+002	4.512738e+002	4.356107e+002	
5.792056e+002	4.896502e+002	4.756860e+002	
7.215898e+002	6.349943e+002	6.215544e+002	
7.204150e+002	6.321815e+002	6.184222e+002	
7.199809e+002	6.391249e+002	6.265207e+002	
5.925662e+002	5.078423e+002	4.953027e+002	
4.831081e+002	3.922286e+002	3.786181e+002	
3.843272e+002	2.985848e+002	2.857316e+002	
3.015773e+002	2.315341e+002	2.210306e+002	
2.491701e+002	1.969243e+002	1.890444e+002	
5.996061e+002	5.151996e+002	5.024608e+002	
4.767062e+002	3.822473e+002	3.680733e+002	
3.729901e+002	2.854452e+002	2.723210e+002	
2.947377e+002	2.230999e+002	2.123588e+002	
2.247416e+002	1.702608e+002	1.620672e+002	
5.893861e+002	5.110901e+002	4.992712e+002	
4.830080e+002	3.981851e+002	3.854211e+002	
3.968657e+002	3.188913e+002	3.071837e+002	
3.200510e+002	2.550006e+002	2.452417e+002	
2.543280e+002	2.048456e+002	1.974197e+002	
1.659848e+003	1.659848e+003	1.659848e+003	
1.650217e+003	1.650217e+003	1.650217e+003	
1.654663e+003	1.654663e+003	1.654663e+003	
1.661673e+003	1.661673e+003	1.661673e+003	
1.658385e+003	1.658385e+003	1.658385e+003	
1.650914e+003	1.650914e+003	1.650914e+003	
1.650960e+003	1.650960e+003	1.650960e+003	
1.658327e+003	1.658327e+003	1.658327e+003	
1.654960e+003	1.654960e+003	1.654960e+003	
7.183264e+002	6.509413e+002	6.404308e+002	
7.261659e+002	6.481642e+002	6.359977e+002	
7.287836e+002	6.566127e+002	6.453554e+002	
5.828672e+002	5.059323e+002	4.939319e+002	
5.522130e+002	4.646901e+002	4.510384e+002	
5.716558e+002	4.882623e+002	4.752546e+002	
4.827926e+002	4.107704e+002	3.995363e+002	
4.436949e+002	3.638400e+002	3.513841e+002	
4.780209e+002	4.036494e+002	3.920490e+002	
4.237956e+002	3.649035e+002	3.557176e+002	
3.631864e+002	2.975044e+002	2.872593e+002	
4.020401e+002	3.402744e+002	3.306402e+002	
3.726398e+002	3.283748e+002	3.214706e+002	
3.032214e+002	2.540684e+002	2.464016e+002	
3.492728e+002	3.037661e+002	2.966681e+002	
2.314202e+002	1.732702e+002	1.644798e+002	
2.370349e+002	1.782707e+002	1.694057e+002	
2.625013e+002	2.070807e+002	1.986624e+002	
3.162126e+002	2.390895e+002	2.274597e+002	
3.149894e+002	2.364891e+002	2.246508e+002	
3.293916e+002	2.557058e+002	2.445433e+002	
4.004204e+002	3.096116e+002	2.958884e+002	
3.951535e+002	3.010286e+002	2.868311e+002	
4.050475e+002	3.187922e+002	3.057028e+002	
4.994349e+002	4.053131e+002	3.910976e+002	
4.970785e+002	4.001724e+002	3.855010e+002	
5.038969e+002	4.148273e+002	4.012932e+002	
6.085165e+002	5.262016e+002	5.136920e+002	
6.081762e+002	5.249682e+002	5.123635e+002	
6.065005e+002	5.294088e+002	5.176638e+002	
3.752844e+002	3.279772e+002	3.207630e+002	
2.848650e+002	2.282383e+002	2.196208e+002	
2.980482e+002	2.436471e+002	2.353665e+002	
4.208510e+002	3.569358e+002	3.471769e+002	
3.571552e+002	2.810767e+002	2.694890e+002	
3.785977e+002	3.068861e+002	2.959738e+002	
4.962790e+002	4.196945e+002	4.080021e+002	
4.463020e+002	3.549554e+002	3.410615e+002	
4.658391e+002	3.789310e+002	3.656674e+002	
5.911981e+002	5.109511e+002	4.986796e+002	
5.653762e+002	4.681569e+002	4.533029e+002	
5.842787e+002	4.941935e+002	4.804226e+002	
7.107507e+002	6.402322e+002	6.294247e+002	
7.219290e+002	6.391459e+002	6.264930e+002	
7.221058e+002	6.444971e+002	6.326088e+002	
5.613045e+002	5.613045e+002	5.613045e+002	
5.616536e+002	5.616536e+002	5.616536e+002	
5.641649e+002	5.641649e+002	5.641649e+002	
5.635138e+002	5.635138e+002	5.635138e+002	
5.698677e+002	5.698677e+002	5.698677e+002	
5.615792e+002	5.615792e+002	5.615792e+002	
5.643266e+002	5.643266e+002	5.643266e+002	
5.576695e+002	5.576695e+002	5.576695e+002	
5.634005e+002	5.634005e+002	5.634005e+002	
5.594907e+002	5.594907e+002	5.594907e+002	
5.621821e+002	5.621821e+002	5.621821e+002	
5.637621e+002	5.637621e+002	5.637621e+002	
5.567486e+002	5.567486e+002	5.567486e+002	
5.604840e+002	5.604840e+002	5.604840e+002	
5.607856e+002	5.607856e+002	5.607856e+002	
1.648714e+003	1.648714e+003	1.648714e+003	
1.653209e+003	1.653209e+003	1.653209e+003	
1.655941e+003	1.655941e+003	1.655941e+003	
1.655520e+003	1.655520e+003	1.655520e+003	
1.646819e+003	1.646819e+003	1.646819e+003	
1.648975e+003	1.648975e+003	1.648975e+003	
1.652267e+003	1.652267e+003	1.652267e+003	
1.655051e+003	1.655051e+003	1.655051e+003	
1.655678e+003	1.655678e+003	1.655678e+003	
2.449229e+002	1.899159e+002	1.816113e+002	
3.321647e+002	2.575281e+002	2.462848e+002	
4.329832e+002	3.424509e+002	3.287913e+002	
5.927019e+002	4.956507e+002	4.809685e+002	
7.427833e+002	6.562051e+002	6.431026e+002	
2.344292e+002	1.783408e+002	1.698484e+002	
3.087529e+002	2.322846e+002	2.207251e+002	
4.204053e+002	3.261964e+002	3.119785e+002	
5.635711e+002	4.623329e+002	4.469940e+002	
7.444658e+002	6.540134e+002	6.403292e+002	
2.922855e+002	2.420271e+002	2.343820e+002	
3.651834e+002	2.946595e+002	2.839584e+002	
4.740476e+002	3.898859e+002	3.771497e+002	
5.999672e+002	5.098553e+002	4.961897e+002	
7.425240e+002	6.611891e+002	6.488398e+002	
5.887339e+002	5.138555e+002	5.021761e+002	
4.749604e+002	3.907275e+002	3.775889e+002	
3.890806e+002	3.118771e+002	2.998351e+002	
3.131971e+002	2.486087e+002	2.385343e+002	
2.539539e+002	2.046839e+002	1.969989e+002	
5.870194e+002	5.079673e+002	4.956370e+002	
4.736492e+002	3.862086e+002	3.725698e+002	
3.772101e+002	2.948358e+002	2.819872e+002	
3.063063e+002	2.395864e+002	2.291796e+002	
2.479397e+002	1.979780e+002	1.901849e+002	
5.818269e+002	5.102426e+002	4.990773e+002	
4.831791e+002	4.061938e+002	3.941858e+002	
3.961729e+002	3.227255e+002	3.112692e+002	
3.227210e+002	2.622804e+002	2.528529e+002	
2.664986e+002	2.208186e+002	2.136935e+002	
2.797724e+002	2.286641e+002	2.207706e+002	
3.531200e+002	2.837902e+002	2.730717e+002	
4.504263e+002	3.659331e+002	3.528597e+002	
5.715223e+002	4.785153e+002	4.640968e+002	
7.179083e+002	6.364376e+002	6.238051e+002	
2.470452e+002	1.918505e+002	1.833615e+002	
3.227234e+002	2.481437e+002	2.366519e+002	
4.166667e+002	3.266056e+002	3.127042e+002	
5.548941e+002	4.546938e+002	4.391975e+002	
7.189754e+002	6.328629e+002	6.195674e+002	
3.227063e+002	2.742290e+002	2.668257e+002	
3.754517e+002	3.084965e+002	2.982026e+002	
4.632820e+002	3.816974e+002	3.691746e+002	
5.862730e+002	4.984084e+002	4.848806e+002	
7.174128e+002	6.394210e+002	6.274062e+002	
5.899685e+002	5.073984e+002	4.947037e+002	
5.843672e+002	5.004340e+002	4.875641e+002	
5.817413e+002	5.057531e+002	4.941077e+002	
4.856496e+002	3.976325e+002	3.841110e+002	
4.757796e+002	3.842653e+002	3.702028e+002	
4.811028e+002	3.977376e+002	3.849629e+002	
3.898951e+002	3.086703e+002	2.961582e+002	
3.705438e+002	2.853591e+002	2.722968e+002	
3.861558e+002	3.078515e+002	2.958700e+002	
3.108762e+002	2.434348e+002	2.330992e+002	
2.962268e+002	2.281437e+002	2.177174e+002	
3.142203e+002	2.512161e+002	2.415980e+002	
2.459378e+002	1.943091e+002	1.864139e+002	
2.323769e+002	1.821211e+002	1.744075e+002	
2.489949e+002	2.004724e+002	1.930676e+002	
1.646329e+003	1.646329e+003	1.646329e+003	
1.649807e+003	1.649807e+003	1.649807e+003	
1.663681e+003	1.663681e+003	1.663681e+003	
1.649869e+003	1.649869e+003	1.649869e+003	
1.649526e+003	1.649526e+003	1.649526e+003	
1.643397e+003	1.643397e+003	1.643397e+003	
1.651252e+003	1.651252e+003	1.651252e+003	
1.655514e+003	1.655514e+003	1.655514e+003	
1.657009e+003	1.657009e+003	1.657009e+003	
2.624171e+002	2.094459e+002	2.014599e+002	
3.323563e+002	2.584742e+002	2.473333e+002	
4.409429e+002	3.503925e+002	3.367374e+002	
5.815629e+002	4.840521e+002	4.693312e+002	
7.464140e+002	6.591891e+002	6.460762e+002	
2.365287e+002	1.812417e+002	1.729198e+002	
3.104118e+002	2.346188e+002	2.232119e+002	
4.165257e+002	3.229303e+002	3.088800e+002	
5.673153e+002	4.640983e+002	4.485970e+002	
7.467654e+002	6.556387e+002	6.419155e+002	
2.841782e+002	2.308256e+002	2.227842e+002	
3.604911e+002	2.901311e+002	2.795801e+002	
4.656226e+002	3.792077e+002	3.662504e+002	
5.954087e+002	5.037111e+002	4.899386e+002	
7.481443e+002	6.663409e+002	6.540139e+002	
5.947576e+002	5.127794e+002	5.002769e+002	
4.741102e+002	3.835693e+002	3.697755e+002	
3.803722e+002	2.948581e+002	2.818491e+002	
3.018228e+002	2.319183e+002	2.212912e+002	
2.417056e+002	1.890033e+002	1.809821e+002	
5.934230e+002	5.070261e+002	4.939136e+002	
4.688345e+002	3.740824e+002	3.597119e+002	
3.669383e+002	2.793858e+002	2.661419e+002	
2.914218e+002	2.203229e+002	2.095523e+002	
2.155946e+002	1.600996e+002	1.516926e+002	
5.881262e+002	5.113917e+002	4.997736e+002	
4.780673e+002	3.925416e+002	3.795837e+002	
3.898097e+002	3.105727e+002	2.985938e+002	
3.119933e+002	2.472851e+002	2.375309e+002	
2.444662e+002	1.943225e+002	1.867348e+002	
2.833576e+002	2.300092e+002	2.218954e+002	
3.530510e+002	2.817878e+002	2.709599e+002	
4.349706e+002	3.452140e+002	3.315550e+002	
5.686774e+002	4.720398e+002	4.573449e+002	
7.200315e+002	6.344354e+002	6.213918e+002	
2.585719e+002	2.042016e+002	1.959020e+002	
3.249796e+002	2.502933e+002	2.389008e+002	
4.207813e+002	3.290872e+002	3.151087e+002	
5.658262e+002	4.673994e+002	4.523979e+002	
7.228524e+002	6.347557e+002	6.213083e+002	
3.232230e+002	2.737491e+002	2.661643e+002	
3.786763e+002	3.105107e+002	3.000539e+002	
4.667812e+002	3.834474e+002	3.707016e+002	
5.875791e+002	4.977436e+002	4.839952e+002	
7.168118e+002	6.389127e+002	6.270018e+002	
5.936760e+002	5.153066e+002	5.034001e+002	
5.911619e+002	5.092674e+002	4.968675e+002	
5.852441e+002	5.103224e+002	4.989865e+002	
4.905944e+002	4.032507e+002	3.900098e+002	
4.792119e+002	3.877823e+002	3.739771e+002	
4.881967e+002	4.052176e+002	3.927252e+002	
3.915301e+002	3.109079e+002	2.987142e+002	
3.900363e+002	3.064785e+002	2.938979e+002	
4.013616e+002	3.251244e+002	3.136667e+002	
3.239154e+002	2.589221e+002	2.490845e+002	
3.227650e+002	2.546052e+002	2.443606e+002	
3.295126e+002	2.666534e+002	2.572052e+002	
2.601483e+002	2.096439e+002	2.019899e+002	
2.567870e+002	2.063085e+002	1.986998e+002	
2.768613e+002	2.311959e+002	2.243105e+002	
1.654156e+003	1.654156e+003	1.654156e+003	
1.652974e+003	1.652974e+003	1.652974e+003	
1.659617e+003	1.659617e+003	1.659617e+003	
1.648880e+003	1.648880e+003	1.648880e+003	
1.648959e+003	1.648959e+003	1.648959e+003	
1.648428e+003	1.648428e+003	1.648428e+003	
1.649497e+003	1.649497e+003	1.649497e+003	
1.648876e+003	1.648876e+003	1.648876e+003	
1.659800e+003	1.659800e+003	1.659800e+003	
7.349677e+002	6.447311e+002	6.310557e+002	
7.261479e+002	6.299484e+002	6.152833e+002	
7.328841e+002	6.488359e+002	6.359805e+002	
5.590051e+002	4.588750e+002	4.437288e+002	
5.237811e+002	4.199836e+002	4.041876e+002	
5.634625e+002	4.697361e+002	4.554001e+002	
4.121140e+002	3.189632e+002	3.048597e+002	
3.926421e+002	2.983185e+002	2.839499e+002	
4.387544e+002	3.514297e+002	3.380904e+002	
3.158000e+002	2.408971e+002	2.295468e+002	
2.942265e+002	2.166422e+002	2.048393e+002	
3.486483e+002	2.780348e+002	2.672070e+002	
2.470764e+002	1.906732e+002	1.820968e+002	
2.328594e+002	1.757992e+002	1.670973e+002	
2.823043e+002	2.297378e+002	2.216800e+002	
5.840250e+002	5.244717e+002	5.151827e+002	
5.035102e+002	4.329130e+002	4.219012e+002	
4.393864e+002	3.714615e+002	3.608667e+002	
3.849551e+002	3.254649e+002	3.161857e+002	
3.496276e+002	3.061115e+002	2.993239e+002	
5.845737e+002	5.142604e+002	5.032930e+002	
4.925492e+002	4.120089e+002	3.994464e+002	
4.172884e+002	3.393820e+002	3.272302e+002	
3.637295e+002	2.976977e+002	2.873981e+002	
3.100392e+002	2.611451e+002	2.535187e+002	
5.878837e+002	5.224877e+002	5.122871e+002	
4.988542e+002	4.232253e+002	4.114289e+002	
4.214955e+002	3.479739e+002	3.365060e+002	
3.633875e+002	3.029353e+002	2.935060e+002	
3.222703e+002	2.766440e+002	2.695271e+002	
6.864114e+002	6.864114e+002	6.864114e+002	
6.837214e+002	6.837214e+002	6.837214e+002	
6.796982e+002	6.796982e+002	6.796982e+002	
6.750887e+002	6.750887e+002	6.750887e+002	
6.733473e+002	6.733473e+002	6.733473e+002	
6.753882e+002	6.753882e+002	6.753882e+002	
6.807931e+002	6.807931e+002	6.807931e+002	
6.844327e+002	6.844327e+002	6.844327e+002	
6.800642e+002	6.800642e+002	6.800642e+002	
6.762147e+002	6.762147e+002	6.762147e+002	
6.853658e+002	6.853658e+002	6.853658e+002	
6.802498e+002	6.802498e+002	6.802498e+002	
6.830588e+002	6.830588e+002	6.830588e+002	
6.799201e+002	6.799201e+002	6.799201e+002	
6.797866e+002	6.797866e+002	6.797866e+002	
5.829586e+002	5.190408e+002	5.094456e+002	
5.924083e+002	5.145900e+002	5.029370e+002	
5.922799e+002	5.181057e+002	5.069743e+002	
5.099576e+002	4.365618e+002	4.255744e+002	
4.917038e+002	4.023069e+002	3.889638e+002	
5.086825e+002	4.241046e+002	4.115098e+002	
4.440805e+002	3.728528e+002	3.622341e+002	
4.260111e+002	3.409403e+002	3.283041e+002	
4.194785e+002	3.385080e+002	3.264544e+002	
3.994501e+002	3.397999e+002	3.309241e+002	
3.598039e+002	2.875615e+002	2.768698e+002	
3.575234e+002	2.889642e+002	2.788301e+002	
3.507233e+002	3.055780e+002	2.988598e+002	
3.036002e+002	2.494594e+002	2.413922e+002	
3.054254e+002	2.530145e+002	2.452374e+002	
1.643544e+003	1.643544e+003	1.643544e+003	
1.656622e+003	1.656622e+003	1.656622e+003	
1.644902e+003	1.644902e+003	1.644902e+003	
1.654438e+003	1.654438e+003	1.654438e+003	
1.650570e+003	1.650570e+003	1.650570e+003	
1.650424e+003	1.650424e+003	1.650424e+003	
1.646141e+003	1.646141e+003	1.646141e+003	
1.638847e+003	1.638847e+003	1.638847e+003	
1.650394e+003	1.650394e+003	1.650394e+003	
7.012552e+002	7.012552e+002	7.012552e+002	
6.979788e+002	6.979788e+002	6.979788e+002	
7.072814e+002	7.072814e+002	7.072814e+002	
7.065043e+002	7.065043e+002	7.065043e+002	
7.054872e+002	7.054872e+002	7.054872e+002	
7.054732e+002	7.054732e+002	7.054732e+002	
7.074822e+002	7.074822e+002	7.074822e+002	
7.120117e+002	7.120117e+002	7.120117e+002	
7.086446e+002	7.086446e+002	7.086446e+002	
7.061913e+002	7.061913e+002	7.061913e+002	
7.148190e+002	7.148190e+002	7.148190e+002	
7.062217e+002	7.062217e+002	7.062217e+002	
7.069756e+002	7.069756e+002	7.069756e+002	
7.122504e+002	7.122504e+002	7.122504e+002	
7.087548e+002	7.087548e+002	7.087548e+002	
3.162974e+002	2.658814e+002	2.580176e+002	
3.398425e+002	2.909194e+002	2.832885e+002	
3.761141e+002	3.348969e+002	3.284679e+002	
3.788772e+002	3.126513e+002	3.023214e+002	
3.948096e+002	3.280326e+002	3.176167e+002	
4.218152e+002	3.676695e+002	3.592240e+002	
4.352074e+002	3.571514e+002	3.449763e+002	
4.429651e+002	3.664969e+002	3.545695e+002	
4.627926e+002	4.000390e+002	3.902509e+002	
5.093243e+002	4.295491e+002	4.171061e+002	
5.155894e+002	4.377988e+002	4.256651e+002	
5.217540e+002	4.582565e+002	4.483522e+002	
5.972075e+002	5.299633e+002	5.194749e+002	
5.995621e+002	5.334786e+002	5.231711e+002	
5.913676e+002	5.396840e+002	5.316226e+002	
2.507861e+002	1.902973e+002	1.812437e+002	
3.323633e+002	2.506136e+002	2.382846e+002	
4.321813e+002	3.333871e+002	3.185108e+002	
5.807263e+002	4.774796e+002	4.618910e+002	
7.226329e+002	6.312355e+002	6.174178e+002	
2.315739e+002	1.695238e+002	1.601513e+002	
3.099296e+002	2.260064e+002	2.133759e+002	
4.197460e+002	3.195143e+002	3.043991e+002	
5.583484e+002	4.497231e+002	4.333320e+002	
7.292303e+002	6.347513e+002	6.204854e+002	
2.665450e+002	2.071346e+002	1.981923e+002	
3.574910e+002	2.798018e+002	2.681017e+002	
4.443762e+002	3.501666e+002	3.359634e+002	
5.785838e+002	4.808879e+002	4.661365e+002	
7.226627e+002	6.343364e+002	6.210133e+002	
5.875501e+002	5.105010e+002	4.986748e+002	
5.821707e+002	5.126341e+002	5.018903e+002	
5.786226e+002	5.252170e+002	5.169514e+002	
4.924496e+002	4.055245e+002	3.922065e+002	
4.977500e+002	4.194049e+002	4.072657e+002	
5.116408e+002	4.486838e+002	4.389212e+002	
4.184821e+002	3.376114e+002	3.251914e+002	
4.336563e+002	3.576013e+002	3.458677e+002	
4.595712e+002	3.997954e+002	3.905450e+002	
3.598411e+002	2.920617e+002	2.816926e+002	
3.768524e+002	3.132150e+002	3.033670e+002	
4.112622e+002	3.608430e+002	3.530438e+002	
3.031395e+002	2.503257e+002	2.422262e+002	
3.339933e+002	2.862397e+002	2.788667e+002	
3.809319e+002	3.427655e+002	3.368609e+002	
1.650907e+003	1.650907e+003	1.650907e+003	
1.657451e+003	1.657451e+003	1.657451e+003	
1.661575e+003	1.661575e+003	1.661575e+003	
1.645911e+003	1.645911e+003	1.645911e+003	
1.652597e+003	1.652597e+003	1.652597e+003	
1.649159e+003	1.649159e+003	1.649159e+003	
1.654549e+003	1.654549e+003	1.654549e+003	
1.651947e+003	1.651947e+003	1.651947e+003	
1.655096e+003	1.655096e+003	1.655096e+003	
7.223932e+002	6.523470e+002	6.416993e+002	
7.290282e+002	6.433880e+002	6.304308e+002	
7.399913e+002	6.587631e+002	6.464729e+002	
5.810070e+002	5.012491e+002	4.891363e+002	
5.595076e+002	4.638962e+002	4.494542e+002	
5.789510e+002	4.877777e+002	4.739941e+002	
4.898912e+002	4.152121e+002	4.039061e+002	
4.300711e+002	3.397505e+002	3.261115e+002	
4.553426e+002	3.679796e+002	3.548042e+002	
4.253848e+002	3.643949e+002	3.551324e+002	
3.481117e+002	2.735020e+002	2.622350e+002	
3.767984e+002	3.041741e+002	2.932386e+002	
3.687756e+002	3.222920e+002	3.152214e+002	
2.852316e+002	2.290837e+002	2.205900e+002	
3.059408e+002	2.508440e+002	2.425489e+002	
3.507664e+002	3.029119e+002	2.957734e+002	
3.051530e+002	2.471169e+002	2.384333e+002	
3.054644e+002	2.503727e+002	2.421100e+002	
4.043271e+002	3.402499e+002	3.306870e+002	
3.695297e+002	2.919633e+002	2.803712e+002	
3.670131e+002	2.925917e+002	2.814361e+002	
4.620425e+002	3.887616e+002	3.777891e+002	
4.325973e+002	3.444361e+002	3.312421e+002	
4.393418e+002	3.556628e+002	3.431117e+002	
5.222573e+002	4.488191e+002	4.378223e+002	
5.087281e+002	4.191536e+002	4.056954e+002	
5.172335e+002	4.298186e+002	4.166312e+002	
5.991680e+002	5.368303e+002	5.274474e+002	
6.065028e+002	5.297070e+002	5.181018e+002	
5.999235e+002	5.260510e+002	5.148736e+002	
6.837352e+002	6.837352e+002	6.837352e+002	
6.768207e+002	6.768207e+002	6.768207e+002	
6.703868e+002	6.703868e+002	6.703868e+002	
6.797812e+002	6.797812e+002	6.797812e+002	
6.812488e+002	6.812488e+002	6.812488e+002	
6.749645e+002	6.749645e+002	6.749645e+002	
6.754142e+002	6.754142e+002	6.754142e+002	
6.717722e+002	6.717722e+002	6.717722e+002	
6.722711e+002	6.722711e+002	6.722711e+002	
6.739582e+002	6.739582e+002	6.739582e+002	
6.793029e+002	6.793029e+002	6.793029e+002	
6.838146e+002	6.838146e+002	6.838146e+002	
6.887189e+002	6.887189e+002	6.887189e+002	
6.821747e+002	6.821747e+002	6.821747e+002	
6.791212e+002	6.791212e+002	6.791212e+002	
5.591972e+002	5.591972e+002	5.591972e+002	
5.632925e+002	5.632925e+002	5.632925e+002	
5.599913e+002	5.599913e+002	5.599913e+002	
5.617734e+002	5.617734e+002	5.617734e+002	
5.575580e+002	5.575580e+002	5.575580e+002	
5.617743e+002	5.617743e+002	5.617743e+002	
5.567163e+002	5.567163e+002	5.567163e+002	
5.684421e+002	5.684421e+002	5.684421e+002	
5.668734e+002	5.668734e+002	5.668734e+002	
5.682875e+002	5.682875e+002	5.682875e+002	
5.552271e+002	5.552271e+002	5.552271e+002	
5.612010e+002	5.612010e+002	5.612010e+002	
5.581192e+002	5.581192e+002	5.581192e+002	
5.592042e+002	5.592042e+002	5.592042e+002	
5.590483e+002	5.590483e+002	5.590483e+002	
1.653394e+003	1.653394e+003	1.653394e+003	
1.652429e+003	1.652429e+003	1.652429e+003	
1.656307e+003	1.656307e+003	1.656307e+003	
1.659220e+003	1.659220e+003	1.659220e+003	
1.653260e+003	1.653260e+003	1.653260e+003	
1.653168e+003	1.653168e+003	1.653168e+003	
1.652002e+003	1.652002e+003	1.652002e+003	
1.645019e+003	1.645019e+003	1.645019e+003	
1.643694e+003	1.643694e+003	1.643694e+003	
7.034934e+002	7.034934e+002	7.034934e+002	
7.048489e+002	7.048489e+002	7.048489e+002	
7.058939e+002	7.058939e+002	7.058939e+002	
7.048350e+002	7.048350e+002	7.048350e+002	
7.030699e+002	7.030699e+002	7.030699e+002	
7.082176e+002	7.082176e+002	7.082176e+002	
7.082031e+002	7.082031e+002	7.082031e+002	
7.098891e+002	7.098891e+002	7.098891e+002	
7.046469e+002	7.046469e+002	7.046469e+002	
7.048611e+002	7.048611e+002	7.048611e+002	
7.032312e+002	7.032312e+002	7.032312e+002	
7.038674e+002	7.038674e+002	7.038674e+002	
7.094022e+002	7.094022e+002	7.094022e+002	
6.997267e+002	6.997267e+002	6.997267e+002	
7.034761e+002	7.034761e+002	7.034761e+002	
3.005931e+002	2.440671e+002	2.355470e+002	
3.419609e+002	2.899677e+002	2.821591e+002	
3.686417e+002	3.257705e+002	3.193008e+002	
3.626960e+002	2.886963e+002	2.774828e+002	
3.933547e+002	3.252486e+002	3.149566e+002	
4.214663e+002	3.653383e+002	3.568616e+002	
4.306557e+002	3.452265e+002	3.322841e+002	
4.462426e+002	3.661070e+002	3.539997e+002	
4.644709e+002	4.012670e+002	3.917178e+002	
5.146676e+002	4.274609e+002	4.142179e+002	
5.141277e+002	4.335431e+002	4.213196e+002	
5.233260e+002	4.585630e+002	4.487477e+002	
6.035162e+002	5.283553e+002	5.169253e+002	
5.967623e+002	5.273228e+002	5.167992e+002	
5.828396e+002	5.287595e+002	5.205438e+002	
2.484208e+002	1.854160e+002	1.759960e+002	
2.290485e+002	1.653291e+002	1.558122e+002	
2.646985e+002	2.043004e+002	1.952864e+002	
3.320546e+002	2.511851e+002	2.390876e+002	
3.071552e+002	2.221943e+002	2.094813e+002	
3.502181e+002	2.707469e+002	2.588336e+002	
4.312073e+002	3.324999e+002	3.176963e+002	
4.226999e+002	3.221150e+002	3.070186e+002	
4.558611e+002	3.627374e+002	3.487912e+002	
5.769049e+002	4.731944e+002	4.575583e+002	
5.579579e+002	4.492986e+002	4.329207e+002	
5.847305e+002	4.858122e+002	4.709585e+002	
7.240541e+002	6.322090e+002	6.183657e+002	
7.259124e+002	6.314318e+002	6.171796e+002	
7.334667e+002	6.477467e+002	6.348153e+002	
5.856216e+002	5.124756e+002	5.012308e+002	
5.864078e+002	5.168923e+002	5.061227e+002	
5.841066e+002	5.300125e+002	5.216482e+002	
4.954816e+002	4.148264e+002	4.023909e+002	
5.045622e+002	4.252950e+002	4.130341e+002	
5.132015e+002	4.506820e+002	4.410249e+002	
4.213863e+002	3.455532e+002	3.338617e+002	
4.323961e+002	3.571227e+002	3.454809e+002	
4.578190e+002	3.970121e+002	3.875877e+002	
3.770430e+002	3.128748e+002	3.029987e+002	
3.836530e+002	3.203632e+002	3.105964e+002	
4.168813e+002	3.651545e+002	3.571456e+002	
3.276140e+002	2.788673e+002	2.713822e+002	
3.414248e+002	2.934998e+002	2.861034e+002	
3.828067e+002	3.448701e+002	3.389964e+002	
1.645258e+003	1.645258e+003	1.645258e+003	
1.648654e+003	1.648654e+003	1.648654e+003	
1.651236e+003	1.651236e+003	1.651236e+003	
1.656342e+003	1.656342e+003	1.656342e+003	
1.651231e+003	1.651231e+003	1.651231e+003	
1.663091e+003	1.663091e+003	1.663091e+003	
1.655675e+003	1.655675e+003	1.655675e+003	
1.660772e+003	1.660772e+003	1.660772e+003	
1.654922e+003	1.654922e+003	1.654922e+003	
7.060274e+002	7.060274e+002	7.060274e+002	
7.074382e+002	7.074382e+002	7.074382e+002	
7.044631e+002	7.044631e+002	7.044631e+002	
7.086403e+002	7.086403e+002	7.086403e+002	
7.020507e+002	7.020507e+002	7.020507e+002	
7.043325e+002	7.043325e+002	7.043325e+002	
7.065583e+002	7.065583e+002	7.065583e+002	
6.960828e+002	6.960828e+002	6.960828e+002	
7.020844e+002	7.020844e+002	7.020844e+002	
7.050173e+002	7.050173e+002	7.050173e+002	
6.973028e+002	6.973028e+002	6.973028e+002	
7.045022e+002	7.045022e+002	7.045022e+002	
7.013512e+002	7.013512e+002	7.013512e+002	
7.084014e+002	7.084014e+002	7.084014e+002	
7.046827e+002	7.046827e+002	7.046827e+002	
3.033710e+002	2.441497e+002	2.352101e+002	
3.394376e+002	2.855081e+002	2.773807e+002	
3.759700e+002	3.321362e+002	3.255223e+002	
3.603275e+002	2.832203e+002	2.715704e+002	
3.905534e+002	3.193051e+002	3.085441e+002	
4.253975e+002	3.684995e+002	3.599238e+002	
4.301219e+002	3.426678e+002	3.294494e+002	
4.405702e+002	3.574496e+002	3.449047e+002	
4.691974e+002	4.042346e+002	3.944542e+002	
5.170798e+002	4.282216e+002	4.147805e+002	
5.155549e+002	4.335060e+002	4.210737e+002	
5.259074e+002	4.603060e+002	4.503717e+002	
6.027156e+002	5.263448e+002	5.147556e+002	
5.946965e+002	5.255742e+002	5.150920e+002	
5.886765e+002	5.352180e+002	5.271033e+002	
3.735459e+002	3.235271e+002	3.160110e+002	
2.902162e+002	2.298662e+002	2.208429e+002	
3.006439e+002	2.404070e+002	2.314303e+002	
4.285773e+002	3.610937e+002	3.509542e+002	
3.585743e+002	2.766828e+002	2.644637e+002	
3.870107e+002	3.099680e+002	2.984802e+002	
4.930014e+002	4.131512e+002	4.011678e+002	
4.478322e+002	3.512199e+002	3.367707e+002	
4.828012e+002	3.917259e+002	3.781234e+002	
5.992750e+002	5.162071e+002	5.036895e+002	
5.790344e+002	4.796943e+002	4.647560e+002	
5.950635e+002	4.995005e+002	4.851254e+002	
7.133076e+002	6.421436e+002	6.313841e+002	
7.256693e+002	6.406881e+002	6.278724e+002	
7.256566e+002	6.430247e+002	6.305769e+002	
5.569724e+002	5.569724e+002	5.569724e+002	
5.545046e+002	5.545046e+002	5.545046e+002	
5.581728e+002	5.581728e+002	5.581728e+002	
5.628226e+002	5.628226e+002	5.628226e+002	
5.615792e+002	5.615792e+002	5.615792e+002	
5.668632e+002	5.668632e+002	5.668632e+002	
5.606949e+002	5.606949e+002	5.606949e+002	
5.560319e+002	5.560319e+002	5.560319e+002	
5.635970e+002	5.635970e+002	5.635970e+002	
5.672997e+002	5.672997e+002	5.672997e+002	
5.560504e+002	5.560504e+002	5.560504e+002	
5.647714e+002	5.647714e+002	5.647714e+002	
5.576898e+002	5.576898e+002	5.576898e+002	
5.576237e+002	5.576237e+002	5.576237e+002	
5.617490e+002	5.617490e+002	5.617490e+002	
1.654085e+003	1.654085e+003	1.654085e+003	
1.652095e+003	1.652095e+003	1.652095e+003	
1.656397e+003	1.656397e+003	1.656397e+003	
1.651912e+003	1.651912e+003	1.651912e+003	
1.657854e+003	1.657854e+003	1.657854e+003	
1.651047e+003	1.651047e+003	1.651047e+003	
1.650580e+003	1.650580e+003	1.650580e+003	
1.647203e+003	1.647203e+003	1.647203e+003	
1.640339e+003	1.640339e+003	1.640339e+003	
7.045740e+002	7.045740e+002	7.045740e+002	
7.069233e+002	7.069233e+002	7.069233e+002	
7.048703e+002	7.048703e+002	7.048703e+002	
7.049119e+002	7.049119e+002	7.049119e+002	
7.033463e+002	7.033463e+002	7.033463e+002	
7.074996e+002	7.074996e+002	7.074996e+002	
7.006099e+002	7.006099e+002	7.006099e+002	
7.028026e+002	7.028026e+002	7.028026e+002	
7.064304e+002	7.064304e+002	7.064304e+002	
6.971324e+002	6.971324e+002	6.971324e+002	
7.062480e+002	7.062480e+002	7.062480e+002	
7.073423e+002	7.073423e+002	7.073423e+002	
7.054784e+002	7.054784e+002	7.054784e+002	
7.010814e+002	7.010814e+002	7.010814e+002	
7.031933e+002	7.031933e+002	7.031933e+002	
5.655762e+002	5.655762e+002	5.655762e+002	
5.619614e+002	5.619614e+002	5.619614e+002	
5.638657e+002	5.638657e+002	5.638657e+002	
5.624708e+002	5.624708e+002	5.624708e+002	
5.600569e+002	5.600569e+002	5.600569e+002	
5.655108e+002	5.655108e+002	5.655108e+002	
5.604744e+002	5.604744e+002	5.604744e+002	
5.598608e+002	5.598608e+002	5.598608e+002	
5.611211e+002	5.611211e+002	5.611211e+002	
5.563953e+002	5.563953e+002	5.563953e+002	
5.592026e+002	5.592026e+002	5.592026e+002	
5.566091e+002	5.566091e+002	5.566091e+002	
5.664807e+002	5.664807e+002	5.664807e+002	
5.626321e+002	5.626321e+002	5.626321e+002	
5.600528e+002	5.600528e+002	5.600528e+002	
3.643608e+002	3.159065e+002	3.084737e+002	
4.205605e+002	3.546463e+002	3.444863e+002	
4.956072e+002	4.196568e+002	4.079295e+002	
5.940723e+002	5.146835e+002	5.023907e+002	
7.135562e+002	6.447992e+002	6.341580e+002	
2.927224e+002	2.342320e+002	2.252538e+002	
3.483477e+002	2.699962e+002	2.579321e+002	
4.470684e+002	3.553802e+002	3.412560e+002	
5.730350e+002	4.764581e+002	4.615659e+002	
7.194260e+002	6.366284e+002	6.238580e+002	
3.187947e+002	2.618456e+002	2.531418e+002	
3.747781e+002	2.987952e+002	2.871844e+002	
4.745557e+002	3.856606e+002	3.720815e+002	
5.877238e+002	4.941379e+002	4.797825e+002	
7.184899e+002	6.364650e+002	6.238986e+002	
5.928591e+002	5.110362e+002	4.989244e+002	
5.866036e+002	5.140920e+002	5.032628e+002	
5.820281e+002	5.246526e+002	5.160770e+002	
4.965287e+002	4.045446e+002	3.908266e+002	
5.003890e+002	4.160802e+002	4.035454e+002	
5.154999e+002	4.490262e+002	4.391548e+002	
4.233092e+002	3.351963e+002	3.220909e+002	
4.350009e+002	3.522167e+002	3.399071e+002	
4.604684e+002	3.957962e+002	3.861694e+002	
3.603988e+002	2.857148e+002	2.745705e+002	
3.785833e+002	3.091064e+002	2.987541e+002	
4.169121e+002	3.611779e+002	3.528974e+002	
3.068820e+002	2.496096e+002	2.410788e+002	
3.352082e+002	2.839547e+002	2.762985e+002	
3.791502e+002	3.371071e+002	3.308640e+002	
1.647917e+003	1.647917e+003	1.647917e+003	
1.642002e+003	1.642002e+003	1.642002e+003	
1.649612e+003	1.649612e+003	1.649612e+003	
1.647779e+003	1.647779e+003	1.647779e+003	
1.659790e+003	1.659790e+003	1.659790e+003	
1.655297e+003	1.655297e+003	1.655297e+003	
1.655183e+003	1.655183e+003	1.655183e+003	
1.651428e+003	1.651428e+003	1.651428e+003	
1.653244e+003	1.653244e+003	1.653244e+003	
7.306887e+002	6.515757e+002	6.396347e+002	
7.298859e+002	6.519200e+002	6.400942e+002	
7.135690e+002	6.496122e+002	6.399022e+002	
5.668624e+002	4.786444e+002	4.653247e+002	
5.596638e+002	4.705350e+002	4.570246e+002	
6.013124e+002	5.304321e+002	5.196760e+002	
4.646183e+002	3.831094e+002	3.707981e+002	
4.529064e+002	3.714770e+002	3.591701e+002	
5.241589e+002	4.571494e+002	4.469873e+002	
3.779337e+002	3.105038e+002	3.003605e+002	
3.834197e+002	3.168077e+002	3.067332e+002	
4.604228e+002	4.056727e+002	3.973653e+002	
3.265960e+002	2.775875e+002	2.702065e+002	
3.330974e+002	2.842336e+002	2.768423e+002	
4.226801e+002	3.824684e+002	3.763601e+002	
5.647991e+002	5.647991e+002	5.647991e+002	
5.629992e+002	5.629992e+002	5.629992e+002	
5.633239e+002	5.633239e+002	5.633239e+002	
5.599869e+002	5.599869e+002	5.599869e+002	
5.632016e+002	5.632016e+002	5.632016e+002	
5.566869e+002	5.566869e+002	5.566869e+002	
5.651354e+002	5.651354e+002	5.651354e+002	
5.663150e+002	5.663150e+002	5.663150e+002	
5.623125e+002	5.623125e+002	5.623125e+002	
5.561699e+002	5.561699e+002	5.561699e+002	
5.586308e+002	5.586308e+002	5.586308e+002	
5.613038e+002	5.613038e+002	5.613038e+002	
5.604785e+002	5.604785e+002	5.604785e+002	
5.612738e+002	5.612738e+002	5.612738e+002	
5.554789e+002	5.554789e+002	5.554789e+002	
3.670641e+002	3.209998e+002	3.139052e+002	
4.197091e+002	3.563311e+002	3.465209e+002	
4.888734e+002	4.137870e+002	4.021873e+002	
5.898290e+002	5.111172e+002	4.989324e+002	
7.123990e+002	6.434464e+002	6.327773e+002	
2.795975e+002	2.233956e+002	2.147507e+002	
3.447708e+002	2.693348e+002	2.577341e+002	
4.398316e+002	3.502737e+002	3.364558e+002	
5.701340e+002	4.754605e+002	4.608189e+002	
7.213582e+002	6.392350e+002	6.265370e+002	
3.141466e+002	2.615252e+002	2.534984e+002	
3.901800e+002	3.183757e+002	3.073799e+002	
4.644594e+002	3.782264e+002	3.650064e+002	
5.933845e+002	5.047211e+002	4.911103e+002	
7.179885e+002	6.392030e+002	6.270894e+002	
5.967742e+002	5.113208e+002	4.985709e+002	
6.011089e+002	5.135513e+002	5.004608e+002	
5.982520e+002	5.186213e+002	5.067188e+002	
4.886379e+002	3.940811e+002	3.799612e+002	
4.834299e+002	3.850888e+002	3.703959e+002	
4.961397e+002	4.073239e+002	3.940491e+002	
3.862442e+002	2.962646e+002	2.828611e+002	
3.757150e+002	2.828327e+002	2.689916e+002	
3.929506e+002	3.072717e+002	2.945036e+002	
3.050906e+002	2.310184e+002	2.200257e+002	
3.063297e+002	2.308871e+002	2.196298e+002	
3.133596e+002	2.411093e+002	2.303790e+002	
2.431331e+002	1.863509e+002	1.778856e+002	
2.425866e+002	1.843768e+002	1.757190e+002	
2.564157e+002	2.010309e+002	1.928150e+002	
1.642567e+003	1.642567e+003	1.642567e+003	
1.651739e+003	1.651739e+003	1.651739e+003	
1.651853e+003	1.651853e+003	1.651853e+003	
1.658238e+003	1.658238e+003	1.658238e+003	
1.652604e+003	1.652604e+003	1.652604e+003	
1.651142e+003	1.651142e+003	1.651142e+003	
1.651373e+003	1.651373e+003	1.651373e+003	
1.647771e+003	1.647771e+003	1.647771e+003	
1.651942e+003	1.651942e+003	1.651942e+003	
7.348400e+002	6.518668e+002	6.393544e+002	
7.233704e+002	6.458991e+002	6.341957e+002	
7.201202e+002	6.597293e+002	6.505918e+002	
5.627559e+002	4.685268e+002	4.543277e+002	
5.560074e+002	4.676619e+002	4.543047e+002	
5.981733e+002	5.280740e+002	5.174495e+002	
4.488232e+002	3.618396e+002	3.487607e+002	
4.368064e+002	3.552357e+002	3.429314e+002	
5.153842e+002	4.498755e+002	4.399781e+002	
3.553648e+002	2.827566e+002	2.718560e+002	
3.797241e+002	3.135201e+002	3.035330e+002	
4.587471e+002	4.047821e+002	3.965917e+002	
2.871985e+002	2.338560e+002	2.258397e+002	
3.249497e+002	2.759616e+002	2.685904e+002	
4.217522e+002	3.825954e+002	3.766676e+002	
5.572171e+002	5.572171e+002	5.572171e+002	
5.641273e+002	5.641273e+002	5.641273e+002	
5.610200e+002	5.610200e+002	5.610200e+002	
5.637000e+002	5.637000e+002	5.637000e+002	
5.638287e+002	5.638287e+002	5.638287e+002	
5.509564e+002	5.509564e+002	5.509564e+002	
5.626193e+002	5.626193e+002	5.626193e+002	
5.566373e+002	5.566373e+002	5.566373e+002	
5.645181e+002	5.645181e+002	5.645181e+002	
5.645725e+002	5.645725e+002	5.645725e+002	
5.609908e+002	5.609908e+002	5.609908e+002	
5.609349e+002	5.609349e+002	5.609349e+002	
5.566973e+002	5.566973e+002	5.566973e+002	
5.615411e+002	5.615411e+002	5.615411e+002	
5.625979e+002	5.625979e+002	5.625979e+002	
3.627543e+002	3.146801e+002	3.072721e+002	
4.195547e+002	3.546670e+002	3.446382e+002	
4.920008e+002	4.162917e+002	4.045912e+002	
5.847928e+002	5.041647e+002	4.916883e+002	
7.167086e+002	6.472241e+002	6.364795e+002	
3.154346e+002	2.623947e+002	2.542264e+002	
3.712989e+002	2.991950e+002	2.880919e+002	
4.443618e+002	3.575596e+002	3.441825e+002	
5.733950e+002	4.814652e+002	4.672654e+002	
7.149448e+002	6.359074e+002	6.237004e+002	
3.495112e+002	2.995530e+002	2.918806e+002	
4.188527e+002	3.528253e+002	3.426713e+002	
4.779345e+002	3.978990e+002	3.856002e+002	
5.954169e+002	5.096604e+002	4.964821e+002	
7.133113e+002	6.409169e+002	6.297733e+002	
5.957299e+002	5.111005e+002	4.985038e+002	
5.999559e+002	5.116449e+002	4.984226e+002	
5.951871e+002	5.140576e+002	5.019226e+002	
4.826695e+002	3.867253e+002	3.724213e+002	
4.809723e+002	3.826247e+002	3.679996e+002	
4.871434e+002	3.956011e+002	3.819984e+002	
3.859828e+002	2.954561e+002	2.819900e+002	
3.842733e+002	2.912759e+002	2.774886e+002	
3.937545e+002	3.102916e+002	2.979030e+002	
3.093791e+002	2.347291e+002	2.236054e+002	
2.951142e+002	2.189248e+002	2.076332e+002	
3.152231e+002	2.435058e+002	2.328691e+002	
2.439570e+002	1.867753e+002	1.782878e+002	
2.422323e+002	1.857499e+002	1.773621e+002	
2.605081e+002	2.069656e+002	1.990530e+002	
1.653489e+003	1.653489e+003	1.653489e+003	
1.644041e+003	1.644041e+003	1.644041e+003	
1.649014e+003	1.649014e+003	1.649014e+003	
1.666416e+003	1.666416e+003	1.666416e+003	
1.659438e+003	1.659438e+003	1.659438e+003	
1.652587e+003	1.652587e+003	1.652587e+003	
1.647471e+003	1.647471e+003	1.647471e+003	
1.655777e+003	1.655777e+003	1.655777e+003	
1.652030e+003	1.652030e+003	1.652030e+003	
2.944037e+002	2.346942e+002	2.257046e+002	
3.728389e+002	2.940950e+002	2.822607e+002	
4.629693e+002	3.705881e+002	3.566565e+002	
5.925776e+002	4.966122e+002	4.821136e+002	
7.488542e+002	6.641884e+002	6.514105e+002	
3.318442e+002	2.786428e+002	2.705600e+002	
3.824643e+002	3.096766e+002	2.986537e+002	
4.600081e+002	3.742439e+002	3.612474e+002	
5.940653e+002	5.059912e+002	4.926421e+002	
7.402906e+002	6.632125e+002	6.515258e+002	
4.282861e+002	3.864988e+002	3.801358e+002	
4.730725e+002	4.143440e+002	4.054193e+002	
5.344608e+002	4.669845e+002	4.567354e+002	
6.234948e+002	5.526833e+002	5.419294e+002	
7.372314e+002	6.793755e+002	6.705986e+002	
5.619680e+002	5.619680e+002	5.619680e+002	
5.581694e+002	5.581694e+002	5.581694e+002	
5.613807e+002	5.613807e+002	5.613807e+002	
5.637726e+002	5.637726e+002	5.637726e+002	
5.560700e+002	5.560700e+002	5.560700e+002	
5.589387e+002	5.589387e+002	5.589387e+002	
5.650428e+002	5.650428e+002	5.650428e+002	
5.558628e+002	5.558628e+002	5.558628e+002	
5.586442e+002	5.586442e+002	5.586442e+002	
5.617102e+002	5.617102e+002	5.617102e+002	
5.621027e+002	5.621027e+002	5.621027e+002	
5.606649e+002	5.606649e+002	5.606649e+002	
5.628745e+002	5.628745e+002	5.628745e+002	
5.653339e+002	5.653339e+002	5.653339e+002	
5.633054e+002	5.633054e+002	5.633054e+002	
6.801268e+002	6.801268e+002	6.801268e+002	
6.786837e+002	6.786837e+002	6.786837e+002	
6.838069e+002	6.838069e+002	6.838069e+002	
6.771239e+002	6.771239e+002	6.771239e+002	
6.764795e+002	6.764795e+002	6.764795e+002	
6.801358e+002	6.801358e+002	6.801358e+002	
6.787227e+002	6.787227e+002	6.787227e+002	
6.772153e+002	6.772153e+002	6.772153e+002	
6.768545e+002	6.768545e+002	6.768545e+002	
6.773604e+002	6.773604e+002	6.773604e+002	
6.769917e+002	6.769917e+002	6.769917e+002	
6.827617e+002	6.827617e+002	6.827617e+002	
6.796301e+002	6.796301e+002	6.796301e+002	
6.768004e+002	6.768004e+002	6.768004e+002	
6.732542e+002	6.732542e+002	6.732542e+002	
5.984547e+002	5.193118e+002	5.074562e+002	
4.989815e+002	4.081471e+002	3.946279e+002	
4.165625e+002	3.297661e+002	3.168585e+002	
3.488818e+002	2.751105e+002	2.641401e+002	
3.026165e+002	2.457430e+002	2.372807e+002	
5.879096e+002	5.164728e+002	5.057393e+002	
5.096187e+002	4.265645e+002	4.141397e+002	
4.308528e+002	3.509727e+002	3.390421e+002	
3.783093e+002	3.095749e+002	2.993271e+002	
3.312469e+002	2.804058e+002	2.728259e+002	
5.817463e+002	5.259662e+002	5.175610e+002	
5.160494e+002	4.513026e+002	4.415473e+002	
4.636665e+002	4.003728e+002	3.909013e+002	
4.195254e+002	3.653324e+002	3.572257e+002	
3.739253e+002	3.339833e+002	3.279973e+002	
