5.471666e-003	1.237250e-003	5.767708e-004	
6.118195e-003	1.383443e-003	6.449216e-004	
9.680377e-001	2.188921e-001	1.020413e-001	
4.552015e+001	2.194809e+001	1.827135e+001	
8.797742e+001	4.132456e+001	3.404771e+001	
1.389588e+002	6.689975e+001	5.566008e+001	
1.109407e+002	8.609958e+001	8.222492e+001	
1.691255e+002	1.037057e+002	9.350159e+001	
2.252556e+002	1.255996e+002	1.100553e+002	
3.973998e+002	3.672153e+002	3.625071e+002	
4.459271e+002	3.900958e+002	3.813872e+002	
4.820031e+002	4.074617e+002	3.958350e+002	
3.523387e+002	2.612224e+002	2.470101e+002	
2.806523e+002	2.110273e+002	2.001671e+002	
2.381458e+002	1.863134e+002	1.782286e+002	
3.795729e+002	2.930606e+002	2.795664e+002	
2.903619e+002	2.219504e+002	2.112796e+002	
2.445326e+002	1.901719e+002	1.816928e+002	
4.003265e+002	3.183516e+002	3.055650e+002	
3.193491e+002	2.546929e+002	2.446080e+002	
2.711830e+002	2.182515e+002	2.099954e+002	
4.144459e+002	3.417701e+002	3.304341e+002	
3.360448e+002	2.768669e+002	2.676365e+002	
2.857808e+002	2.365558e+002	2.288778e+002	
4.151653e+002	3.480631e+002	3.375967e+002	
3.334729e+002	2.796854e+002	2.712957e+002	
2.805981e+002	2.344539e+002	2.272564e+002	
4.114925e+002	3.461333e+002	3.359387e+002	
3.257238e+002	2.715234e+002	2.630695e+002	
2.751971e+002	2.275830e+002	2.201562e+002	
2.132860e+002	1.661730e+002	1.588244e+002	
2.855516e+002	2.117413e+002	2.002284e+002	
3.444425e+002	2.561405e+002	2.423673e+002	
1.632816e+002	1.147346e+002	1.071623e+002	
2.303056e+002	1.472544e+002	1.343002e+002	
2.859197e+002	1.833170e+002	1.673132e+002	
1.843018e+002	1.323833e+002	1.242852e+002	
2.893209e+002	2.070005e+002	1.941602e+002	
3.505308e+002	2.482845e+002	2.323363e+002	
2.508180e+002	1.961157e+002	1.875832e+002	
3.462603e+002	2.710199e+002	2.592841e+002	
4.054690e+002	3.185183e+002	3.049557e+002	
2.724987e+002	1.899456e+002	1.770691e+002	
1.969438e+002	1.393439e+002	1.303595e+002	
1.550851e+002	1.127531e+002	1.061502e+002	
2.423578e+002	1.478001e+002	1.330511e+002	
1.741264e+002	1.147737e+002	1.055160e+002	
1.316763e+002	9.169585e+001	8.545975e+001	
3.021219e+002	2.240266e+002	2.118454e+002	
2.316717e+002	1.819197e+002	1.741595e+002	
1.991970e+002	1.668931e+002	1.618543e+002	
2.819817e+002	1.954487e+002	1.819515e+002	
2.144373e+002	1.623904e+002	1.542721e+002	
1.831428e+002	1.510892e+002	1.460895e+002	
2.872759e+002	1.857964e+002	1.699678e+002	
2.188971e+002	1.591124e+002	1.497874e+002	
1.844705e+002	1.481903e+002	1.425313e+002	
3.383580e+002	2.454716e+002	2.309833e+002	
2.706953e+002	2.129718e+002	2.039682e+002	
2.243901e+002	1.866916e+002	1.808114e+002	
3.450409e+002	2.656995e+002	2.533238e+002	
4.278526e+002	3.236038e+002	3.073433e+002	
4.817092e+002	3.677054e+002	3.499231e+002	
3.425994e+002	2.644785e+002	2.522933e+002	
4.269225e+002	3.253374e+002	3.094921e+002	
4.788552e+002	3.670121e+002	3.495671e+002	
3.729660e+002	3.083604e+002	2.982833e+002	
4.404691e+002	3.577037e+002	3.447942e+002	
4.903054e+002	3.992805e+002	3.850826e+002	
3.651126e+002	3.069543e+002	2.978830e+002	
4.295079e+002	3.551328e+002	3.435319e+002	
4.757398e+002	3.949651e+002	3.823658e+002	
3.424493e+002	2.863257e+002	2.775716e+002	
4.233636e+002	3.500526e+002	3.386176e+002	
4.675828e+002	3.885713e+002	3.762469e+002	
6.128862e+002	6.104765e+002	6.101006e+002	
6.070391e+002	6.047161e+002	6.043538e+002	
6.083992e+002	6.071742e+002	6.069833e+002	
6.117755e+002	6.100972e+002	6.098354e+002	
6.004193e+002	5.995609e+002	5.994270e+002	
5.987550e+002	5.978990e+002	5.977654e+002	
6.173037e+002	6.168244e+002	6.167496e+002	
6.087020e+002	6.080014e+002	6.078921e+002	
6.077021e+002	6.070026e+002	6.068934e+002	
6.081901e+002	6.070432e+002	6.068642e+002	
6.092391e+002	6.087745e+002	6.087020e+002	
6.150087e+002	6.148775e+002	6.148571e+002	
6.173959e+002	6.173959e+002	6.173959e+002	
6.146199e+002	6.146199e+002	6.146199e+002	
6.146199e+002	6.146199e+002	6.146199e+002	
6.111797e+002	6.109206e+002	6.108801e+002	
6.030320e+002	6.030320e+002	6.030320e+002	
6.030320e+002	6.030320e+002	6.030320e+002	
6.142026e+002	6.142026e+002	6.142026e+002	
6.060069e+002	6.060069e+002	6.060069e+002	
6.059391e+002	6.056742e+002	6.056329e+002	
6.051434e+002	6.051434e+002	6.051434e+002	
6.171321e+002	6.171321e+002	6.171321e+002	
6.171321e+002	6.171321e+002	6.171321e+002	
3.154524e+002	2.618807e+002	2.535247e+002	
3.913865e+002	3.231087e+002	3.124588e+002	
4.489099e+002	3.734426e+002	3.616710e+002	
3.237176e+002	2.642782e+002	2.550069e+002	
3.955568e+002	3.159962e+002	3.035865e+002	
4.466229e+002	3.604639e+002	3.470249e+002	
3.713152e+002	3.119298e+002	3.026670e+002	
4.322486e+002	3.510836e+002	3.384236e+002	
4.720894e+002	3.823195e+002	3.683174e+002	
4.598138e+002	4.080345e+002	3.999581e+002	
5.114623e+002	4.425277e+002	4.317753e+002	
5.549011e+002	4.799782e+002	4.682919e+002	
5.196650e+002	4.752161e+002	4.682831e+002	
5.670962e+002	5.088976e+002	4.998199e+002	
5.934177e+002	5.296742e+002	5.197319e+002	
2.780024e+002	1.556127e+002	1.365224e+002	
1.903746e+002	1.110547e+002	9.868256e+001	
1.345421e+002	8.025629e+001	7.178884e+001	
3.000241e+002	1.745918e+002	1.550476e+002	
2.025314e+002	1.259129e+002	1.139717e+002	
1.558989e+002	1.053296e+002	9.744976e+001	
3.470660e+002	2.464577e+002	2.308421e+002	
2.615422e+002	1.945404e+002	1.841767e+002	
2.165215e+002	1.697650e+002	1.625412e+002	
3.089240e+002	2.110013e+002	1.957800e+002	
2.340182e+002	1.705882e+002	1.607504e+002	
1.928374e+002	1.466632e+002	1.395071e+002	
2.768011e+002	1.538703e+002	1.346958e+002	
1.841023e+002	1.148499e+002	1.040480e+002	
1.302854e+002	8.477618e+001	7.767770e+001	
2.806488e+002	1.630990e+002	1.447638e+002	
1.864678e+002	1.144002e+002	1.031592e+002	
1.302351e+002	8.214177e+001	7.464022e+001	
3.100031e+002	2.016607e+002	1.847616e+002	
2.064642e+002	1.331541e+002	1.217193e+002	
1.588569e+002	1.058266e+002	9.755496e+001	
3.261803e+002	2.313639e+002	2.165744e+002	
2.341939e+002	1.632887e+002	1.522290e+002	
1.863995e+002	1.322082e+002	1.237555e+002	
1.579801e+002	1.291718e+002	1.246783e+002	
1.880042e+002	1.463743e+002	1.398809e+002	
2.445356e+002	1.882034e+002	1.794168e+002	
3.503817e+002	2.686172e+002	2.558636e+002	
6.173795e+002	5.256788e+002	5.113752e+002	
3.464465e+002	2.596838e+002	2.461508e+002	
1.847216e+002	1.387395e+002	1.315673e+002	
1.357340e+002	1.096478e+002	1.055788e+002	
1.133222e+002	9.746291e+001	9.498917e+001	
1.072887e+002	9.758387e+001	9.607008e+001	
4.630343e+001	2.087407e+001	1.690800e+001	
6.853591e+001	3.158343e+001	2.582192e+001	
1.232591e+002	7.040038e+001	6.216026e+001	
2.529683e+002	1.756279e+002	1.635689e+002	
5.316040e+002	4.324593e+002	4.170115e+002	
4.158305e+002	3.129116e+002	2.969143e+002	
1.783182e+002	1.188721e+002	1.096300e+002	
1.066821e+002	6.621059e+001	5.991224e+001	
7.240747e+001	4.153693e+001	3.673207e+001	
5.425797e+001	3.206805e+001	2.862039e+001	
1.446305e+002	1.167543e+002	1.124063e+002	
1.823828e+002	1.402521e+002	1.336806e+002	
2.384753e+002	1.813851e+002	1.724803e+002	
3.706061e+002	2.906324e+002	2.781582e+002	
6.317733e+002	5.492076e+002	5.363293e+002	
5.610234e+002	5.188548e+002	5.122776e+002	
4.266779e+002	3.878081e+002	3.817451e+002	
3.669467e+002	3.356317e+002	3.307470e+002	
3.419305e+002	3.172846e+002	3.134402e+002	
3.237337e+002	3.066391e+002	3.039727e+002	
4.719372e+002	4.159659e+002	4.072352e+002	
3.276138e+002	2.867267e+002	2.803492e+002	
2.768051e+002	2.475954e+002	2.430393e+002	
2.511645e+002	2.277309e+002	2.240757e+002	
2.502723e+002	2.313989e+002	2.284550e+002	
5.068033e+002	4.355941e+002	4.245164e+002	
3.357942e+002	2.828197e+002	2.745810e+002	
2.716178e+002	2.321435e+002	2.260108e+002	
2.426665e+002	2.112330e+002	2.063444e+002	
2.189909e+002	1.952394e+002	1.915440e+002	
3.123443e+002	2.209089e+002	2.066539e+002	
1.754938e+002	1.246680e+002	1.167480e+002	
1.162600e+002	8.065311e+001	7.510514e+001	
8.018013e+001	5.432253e+001	5.029630e+001	
6.345770e+001	4.393506e+001	4.089617e+001	
4.653983e+002	3.471003e+002	3.287679e+002	
2.236095e+002	1.278515e+002	1.130090e+002	
1.457892e+002	6.702840e+001	5.482553e+001	
1.078659e+002	4.156536e+001	3.127799e+001	
7.683259e+001	2.675180e+001	1.898006e+001	
5.424794e+002	4.214778e+002	4.027456e+002	
2.965306e+002	1.793206e+002	1.611858e+002	
1.850876e+002	8.320650e+001	6.742791e+001	
1.439998e+002	5.706419e+001	4.357938e+001	
9.804017e+001	3.305891e+001	2.297748e+001	
3.514497e+002	3.072498e+002	3.003670e+002	
4.057688e+002	3.507878e+002	3.422266e+002	
4.779330e+002	4.179918e+002	4.086595e+002	
5.860660e+002	5.246251e+002	5.150598e+002	
6.859476e+002	6.347650e+002	6.267937e+002	
6.001623e+002	5.999108e+002	5.998715e+002	
6.070033e+002	6.070033e+002	6.070033e+002	
6.033955e+002	6.032935e+002	6.032776e+002	
6.015479e+002	6.014555e+002	6.014410e+002	
6.000226e+002	5.999576e+002	5.999474e+002	
5.985645e+002	5.979592e+002	5.978647e+002	
6.008960e+002	6.006557e+002	6.006183e+002	
6.047791e+002	6.043694e+002	6.043055e+002	
5.990009e+002	5.986841e+002	5.986348e+002	
6.000392e+002	5.997816e+002	5.997414e+002	
6.017554e+002	6.015178e+002	6.014807e+002	
6.075847e+002	6.071759e+002	6.071122e+002	
5.971478e+002	5.971478e+002	5.971478e+002	
6.050876e+002	6.050410e+002	6.050338e+002	
6.004172e+002	6.001262e+002	6.000808e+002	
4.322134e+002	3.846490e+002	3.772660e+002	
4.886663e+002	4.260901e+002	4.163312e+002	
5.473741e+002	4.757267e+002	4.645682e+002	
6.232689e+002	5.498163e+002	5.383721e+002	
6.853776e+002	6.206296e+002	6.105394e+002	
4.371646e+002	3.176510e+002	2.990329e+002	
2.730630e+002	1.722812e+002	1.565757e+002	
2.149733e+002	1.314467e+002	1.184628e+002	
1.754616e+002	1.026884e+002	9.136520e+001	
1.427590e+002	8.795033e+001	7.942021e+001	
2.645686e+002	2.018306e+002	1.920792e+002	
3.207924e+002	2.414724e+002	2.291324e+002	
3.792028e+002	2.900984e+002	2.762284e+002	
4.644781e+002	3.655205e+002	3.501168e+002	
6.278527e+002	5.264550e+002	5.106823e+002	
5.135356e+002	4.230470e+002	4.090407e+002	
3.741220e+002	3.012217e+002	2.899865e+002	
3.230729e+002	2.643110e+002	2.552407e+002	
2.995451e+002	2.524363e+002	2.451882e+002	
2.806417e+002	2.445630e+002	2.389934e+002	
3.359617e+002	2.816091e+002	2.731692e+002	
4.062650e+002	3.333509e+002	3.220027e+002	
4.950882e+002	4.095492e+002	3.962352e+002	
6.021754e+002	5.137648e+002	4.999850e+002	
6.979702e+002	6.165549e+002	6.038740e+002	
6.402070e+002	5.620142e+002	5.498219e+002	
5.042018e+002	4.230568e+002	4.104089e+002	
4.015821e+002	3.288602e+002	3.175302e+002	
3.196263e+002	2.598082e+002	2.504984e+002	
2.627539e+002	2.135730e+002	2.059160e+002	
6.125951e+002	5.327761e+002	5.203355e+002	
4.472076e+002	3.647096e+002	3.518489e+002	
3.493133e+002	2.777890e+002	2.666436e+002	
2.778785e+002	2.183424e+002	2.090776e+002	
2.274216e+002	1.810536e+002	1.738360e+002	
7.207800e+001	3.120518e+001	2.482990e+001	
9.505223e+001	3.967419e+001	3.103636e+001	
1.330529e+002	6.395969e+001	5.318266e+001	
2.175878e+002	1.243160e+002	1.097677e+002	
5.008743e+002	3.821004e+002	3.635739e+002	
4.209797e+002	3.337172e+002	3.201992e+002	
2.475982e+002	1.912390e+002	1.824800e+002	
1.773475e+002	1.338779e+002	1.271149e+002	
1.434318e+002	1.081395e+002	1.026439e+002	
1.190320e+002	9.285759e+001	8.880112e+001	
5.114106e+002	4.343568e+002	4.223685e+002	
3.480626e+002	2.856880e+002	2.759929e+002	
2.877405e+002	2.365921e+002	2.286275e+002	
2.358861e+002	1.928498e+002	1.861564e+002	
1.952972e+002	1.606512e+002	1.552817e+002	
4.705095e+002	3.769657e+002	3.624098e+002	
3.221122e+002	2.554868e+002	2.451560e+002	
2.494461e+002	1.975990e+002	1.895751e+002	
1.980592e+002	1.544009e+002	1.476353e+002	
1.654979e+002	1.301489e+002	1.246756e+002	
1.647488e+002	1.306834e+002	1.254600e+002	
2.120123e+002	1.685088e+002	1.618118e+002	
2.701890e+002	2.138712e+002	2.051967e+002	
3.748569e+002	3.008809e+002	2.894692e+002	
5.674554e+002	4.705828e+002	4.555703e+002	
4.287459e+002	2.968073e+002	2.764694e+002	
2.044088e+002	1.041363e+002	8.871652e+001	
1.318494e+002	5.482344e+001	4.301104e+001	
9.561967e+001	3.508627e+001	2.577834e+001	
7.073969e+001	2.582621e+001	1.893828e+001	
2.697383e+002	2.160330e+002	2.077319e+002	
3.452312e+002	2.750130e+002	2.641614e+002	
4.314487e+002	3.486132e+002	3.358154e+002	
5.549613e+002	4.662623e+002	4.525413e+002	
6.872559e+002	6.057244e+002	5.931029e+002	
6.384230e+002	5.710178e+002	5.605109e+002	
5.136357e+002	4.376266e+002	4.257707e+002	
4.085636e+002	3.378935e+002	3.268784e+002	
3.304229e+002	2.729595e+002	2.639963e+002	
2.679437e+002	2.222893e+002	2.151747e+002	
6.337853e+002	5.658635e+002	5.552801e+002	
5.014081e+002	4.260270e+002	4.142784e+002	
3.944845e+002	3.245475e+002	3.136421e+002	
3.193850e+002	2.626071e+002	2.537599e+002	
2.658888e+002	2.222858e+002	2.154957e+002	
6.315422e+002	5.623870e+002	5.516002e+002	
4.984875e+002	4.210529e+002	4.089749e+002	
4.037711e+002	3.331403e+002	3.221303e+002	
3.277016e+002	2.715802e+002	2.628264e+002	
2.679905e+002	2.248739e+002	2.181487e+002	
5.996082e+002	5.996082e+002	5.996082e+002	
6.041574e+002	6.041574e+002	6.041574e+002	
6.006451e+002	6.006451e+002	6.006451e+002	
6.015327e+002	6.015327e+002	6.015327e+002	
5.996572e+002	5.996572e+002	5.996572e+002	
6.035629e+002	6.035629e+002	6.035629e+002	
5.997586e+002	5.997586e+002	5.997586e+002	
5.974464e+002	5.974464e+002	5.974464e+002	
6.004257e+002	6.004257e+002	6.004257e+002	
5.943041e+002	5.943041e+002	5.943041e+002	
6.035629e+002	6.035629e+002	6.035629e+002	
5.950157e+002	5.950157e+002	5.950157e+002	
5.973574e+002	5.973574e+002	5.973574e+002	
6.004257e+002	6.004257e+002	6.004257e+002	
5.979438e+002	5.979438e+002	5.979438e+002	
4.586239e+002	4.136646e+002	4.066993e+002	
5.021664e+002	4.457925e+002	4.370645e+002	
5.438997e+002	4.794483e+002	4.694670e+002	
5.994880e+002	5.370961e+002	5.274277e+002	
6.675599e+002	6.166758e+002	6.087969e+002	
3.873478e+002	2.375248e+002	2.141557e+002	
2.353997e+002	9.905444e+001	7.778934e+001	
1.818470e+002	5.836330e+001	3.910654e+001	
1.563679e+002	4.383759e+001	2.628639e+001	
1.269750e+002	3.604994e+001	2.186848e+001	
2.123616e+002	1.641095e+002	1.566556e+002	
2.576052e+002	1.954838e+002	1.858548e+002	
3.013966e+002	2.306746e+002	2.197280e+002	
3.779544e+002	3.023815e+002	2.906521e+002	
5.138372e+002	4.244550e+002	4.106456e+002	
4.399698e+002	4.254388e+002	4.232212e+002	
4.633928e+002	4.438627e+002	4.408952e+002	
4.882180e+002	4.657518e+002	4.623146e+002	
5.475872e+002	5.181437e+002	5.136470e+002	
6.463117e+002	6.087391e+002	6.029583e+002	
3.346182e+002	3.092616e+002	3.053791e+002	
3.564341e+002	3.236761e+002	3.186540e+002	
3.912296e+002	3.520362e+002	3.460156e+002	
4.462414e+002	3.986156e+002	3.912763e+002	
5.844279e+002	5.193526e+002	5.093166e+002	
3.417519e+002	2.720070e+002	2.612258e+002	
2.492225e+002	1.974784e+002	1.895227e+002	
2.263422e+002	1.816229e+002	1.747670e+002	
2.135536e+002	1.744698e+002	1.684553e+002	
1.999027e+002	1.673884e+002	1.623641e+002	
1.559790e+002	5.373246e+001	3.787958e+001	
1.758027e+002	5.892640e+001	4.083622e+001	
1.973723e+002	7.454212e+001	5.552967e+001	
2.431381e+002	1.129732e+002	9.281081e+001	
4.513952e+002	3.094991e+002	2.875412e+002	
5.971354e+002	5.666096e+002	5.619950e+002	
5.502997e+002	5.133026e+002	5.077289e+002	
5.276435e+002	4.929087e+002	4.876623e+002	
5.051415e+002	4.766074e+002	4.722874e+002	
4.853788e+002	4.647574e+002	4.616248e+002	
6.063778e+002	5.753796e+002	5.706935e+002	
5.781830e+002	5.393113e+002	5.334553e+002	
5.568192e+002	5.201637e+002	5.146273e+002	
5.267941e+002	4.970369e+002	4.925318e+002	
5.103260e+002	4.886447e+002	4.853510e+002	
1.917324e+002	1.560428e+002	1.505413e+002	
2.375957e+002	1.881782e+002	1.806248e+002	
3.112917e+002	2.482875e+002	2.386543e+002	
4.377210e+002	3.560828e+002	3.435902e+002	
6.369182e+002	5.560746e+002	5.436375e+002	
3.978459e+002	2.988789e+002	2.834643e+002	
1.963157e+002	1.299451e+002	1.196221e+002	
1.177613e+002	7.325700e+001	6.633831e+001	
7.902695e+001	4.471576e+001	3.936745e+001	
6.394860e+001	4.047301e+001	3.681838e+001	
5.535881e+001	2.732930e+001	2.300857e+001	
8.383305e+001	4.373523e+001	3.754246e+001	
1.534153e+002	9.857105e+001	9.011033e+001	
2.930392e+002	2.128276e+002	2.004314e+002	
5.593212e+002	4.622696e+002	4.472486e+002	
4.510883e+002	3.560894e+002	3.413577e+002	
2.437452e+002	1.887513e+002	1.802662e+002	
1.717903e+002	1.397093e+002	1.347849e+002	
1.445386e+002	1.235015e+002	1.202760e+002	
1.189934e+002	1.045722e+002	1.023640e+002	
1.532872e+002	1.133724e+002	1.071720e+002	
1.866122e+002	1.338743e+002	1.256714e+002	
2.345291e+002	1.699969e+002	1.599838e+002	
3.586370e+002	2.725481e+002	2.592182e+002	
6.007648e+002	5.066880e+002	4.920958e+002	
6.370102e+002	5.704411e+002	5.600576e+002	
5.161611e+002	4.412359e+002	4.295492e+002	
4.352298e+002	3.695677e+002	3.593258e+002	
3.811236e+002	3.281983e+002	3.199431e+002	
3.318859e+002	2.935102e+002	2.875244e+002	
6.297731e+002	5.802610e+002	5.725379e+002	
5.630501e+002	5.080567e+002	4.994790e+002	
5.146438e+002	4.661063e+002	4.585355e+002	
4.673950e+002	4.271032e+002	4.208185e+002	
4.394727e+002	4.095657e+002	4.049055e+002	
6.305402e+002	5.939777e+002	5.882767e+002	
5.828578e+002	5.399784e+002	5.332903e+002	
5.511541e+002	5.094950e+002	5.029971e+002	
5.202245e+002	4.869682e+002	4.817822e+002	
5.030898e+002	4.775282e+002	4.735412e+002	
6.366646e+002	6.247802e+002	6.229267e+002	
6.390099e+002	6.223539e+002	6.197554e+002	
6.443410e+002	6.273026e+002	6.246453e+002	
6.573279e+002	6.410964e+002	6.385646e+002	
6.723586e+002	6.597459e+002	6.577784e+002	
4.123315e+002	2.715943e+002	2.496422e+002	
2.522113e+002	1.214248e+002	1.010250e+002	
2.241137e+002	9.923328e+001	7.975465e+001	
1.995030e+002	8.192831e+001	6.358915e+001	
1.705959e+002	7.624220e+001	6.152501e+001	
1.356774e+002	8.647439e+001	7.879976e+001	
1.153489e+002	6.379770e+001	5.575682e+001	
9.949922e+001	5.131534e+001	4.379968e+001	
8.565723e+001	4.317110e+001	3.654415e+001	
8.797893e+001	4.608263e+001	3.954770e+001	
4.660514e+002	4.455119e+002	4.423617e+002	
4.574991e+002	4.312036e+002	4.271353e+002	
4.755595e+002	4.455473e+002	4.408949e+002	
5.179668e+002	4.788405e+002	4.727811e+002	
6.633591e+002	6.144052e+002	6.068035e+002	
1.440499e+002	1.252546e+002	1.223656e+002	
1.588134e+002	1.377591e+002	1.344995e+002	
1.674802e+002	1.416700e+002	1.376624e+002	
1.827281e+002	1.483766e+002	1.430452e+002	
3.255956e+002	2.583043e+002	2.478428e+002	
6.008766e+002	5.556145e+002	5.486357e+002	
5.261157e+002	4.793922e+002	4.722127e+002	
5.023613e+002	4.584412e+002	4.516931e+002	
4.854736e+002	4.480691e+002	4.423202e+002	
4.633802e+002	4.341280e+002	4.296203e+002	
6.234053e+002	5.824944e+002	5.761955e+002	
5.764067e+002	5.312613e+002	5.243184e+002	
5.562216e+002	5.097173e+002	5.025703e+002	
5.265948e+002	4.832631e+002	4.765859e+002	
5.095846e+002	4.753484e+002	4.700709e+002	
6.589084e+002	6.587506e+002	6.587260e+002	
6.582805e+002	6.578871e+002	6.578257e+002	
6.567820e+002	6.566252e+002	6.566008e+002	
6.527473e+002	6.519196e+002	6.517906e+002	
6.614846e+002	6.611420e+002	6.610886e+002	
3.684318e+002	2.588821e+002	2.417948e+002	
2.907038e+002	1.873965e+002	1.712828e+002	
2.837570e+002	1.832853e+002	1.676138e+002	
2.830747e+002	1.817831e+002	1.659837e+002	
2.688492e+002	1.774931e+002	1.632434e+002	
4.920484e+002	4.561588e+002	4.505846e+002	
4.948535e+002	4.576517e+002	4.518633e+002	
4.940672e+002	4.559431e+002	4.500000e+002	
5.038138e+002	4.642905e+002	4.581433e+002	
5.648156e+002	5.138456e+002	5.059325e+002	
4.998912e+002	4.146737e+002	4.014431e+002	
4.213725e+002	3.441059e+002	3.321227e+002	
4.191646e+002	3.440977e+002	3.324727e+002	
4.184600e+002	3.423968e+002	3.305941e+002	
4.092630e+002	3.404866e+002	3.298156e+002	
6.624253e+002	6.624253e+002	6.624253e+002	
6.625266e+002	6.625266e+002	6.625266e+002	
6.633546e+002	6.633546e+002	6.633546e+002	
6.637172e+002	6.637172e+002	6.637172e+002	
6.577296e+002	6.577296e+002	6.577296e+002	
6.288485e+002	5.531022e+002	5.412873e+002	
5.020318e+002	4.196882e+002	4.068445e+002	
4.076709e+002	3.331081e+002	3.214778e+002	
3.386951e+002	2.808741e+002	2.718552e+002	
2.991328e+002	2.583589e+002	2.519991e+002	
6.278165e+002	5.688094e+002	5.596055e+002	
5.377834e+002	4.704549e+002	4.599531e+002	
4.680625e+002	4.066920e+002	3.971196e+002	
4.312949e+002	3.827395e+002	3.751659e+002	
3.751022e+002	3.393158e+002	3.337340e+002	
6.269141e+002	5.761504e+002	5.682322e+002	
5.581586e+002	4.997910e+002	4.906869e+002	
5.037371e+002	4.506590e+002	4.423800e+002	
4.581518e+002	4.142667e+002	4.074215e+002	
4.334728e+002	3.999414e+002	3.947113e+002	
5.896862e+002	5.647398e+002	5.608486e+002	
5.982974e+002	5.659895e+002	5.609504e+002	
6.162941e+002	5.821217e+002	5.767914e+002	
6.386776e+002	6.030425e+002	5.974838e+002	
6.779149e+002	6.498694e+002	6.454946e+002	
3.907952e+002	2.313902e+002	2.065264e+002	
2.594536e+002	1.089373e+002	8.545990e+001	
2.274741e+002	8.369147e+001	6.126444e+001	
2.034678e+002	6.492086e+001	4.331047e+001	
1.676886e+002	5.712027e+001	3.987389e+001	
3.185331e+002	2.789762e+002	2.729082e+002	
3.431919e+002	2.940155e+002	2.863867e+002	
3.570002e+002	3.044441e+002	2.962891e+002	
4.053751e+002	3.457018e+002	3.364207e+002	
5.191017e+002	4.437695e+002	4.321455e+002	
5.274623e+002	5.167537e+002	5.151312e+002	
5.358812e+002	5.248868e+002	5.232162e+002	
5.426944e+002	5.272075e+002	5.248469e+002	
5.772697e+002	5.569426e+002	5.538163e+002	
6.662061e+002	6.347794e+002	6.299080e+002	
4.243348e+002	4.034478e+002	4.002598e+002	
4.380338e+002	4.138708e+002	4.101371e+002	
4.472337e+002	4.191634e+002	4.148352e+002	
4.794539e+002	4.438440e+002	4.383261e+002	
5.992587e+002	5.454763e+002	5.371455e+002	
3.485432e+002	2.655553e+002	2.527533e+002	
2.494476e+002	1.839726e+002	1.739362e+002	
2.133665e+002	1.550097e+002	1.460665e+002	
1.876945e+002	1.352403e+002	1.272162e+002	
1.717770e+002	1.298787e+002	1.234428e+002	
1.527338e+002	4.132601e+001	2.403717e+001	
1.795399e+002	5.223001e+001	3.251867e+001	
2.046272e+002	6.957271e+001	4.868272e+001	
2.508691e+002	1.072290e+002	8.498346e+001	
4.629569e+002	3.121541e+002	2.888249e+002	
6.295021e+002	5.833239e+002	5.762982e+002	
5.824813e+002	5.276460e+002	5.193170e+002	
5.378118e+002	4.830478e+002	4.747325e+002	
5.160237e+002	4.665048e+002	4.589834e+002	
4.880431e+002	4.511654e+002	4.455460e+002	
6.433351e+002	5.961420e+002	5.889619e+002	
6.139241e+002	5.561288e+002	5.473502e+002	
5.693052e+002	5.113344e+002	5.025321e+002	
5.443009e+002	4.920684e+002	4.841349e+002	
5.173881e+002	4.782931e+002	4.723357e+002	
6.597795e+002	6.570333e+002	6.566218e+002	
6.568867e+002	6.538815e+002	6.534314e+002	
6.636509e+002	6.603792e+002	6.598900e+002	
6.619388e+002	6.586542e+002	6.581598e+002	
6.671549e+002	6.649456e+002	6.646130e+002	
4.408915e+002	3.393958e+002	3.236186e+002	
3.199875e+002	2.218078e+002	2.065537e+002	
2.996519e+002	2.045800e+002	1.898002e+002	
2.822247e+002	1.893583e+002	1.749292e+002	
2.604968e+002	1.838393e+002	1.719249e+002	
4.730573e+002	4.431593e+002	4.385593e+002	
4.798735e+002	4.460426e+002	4.408249e+002	
4.779622e+002	4.424948e+002	4.370049e+002	
4.947986e+002	4.542600e+002	4.479686e+002	
6.035316e+002	5.562200e+002	5.488678e+002	
5.195792e+002	4.204284e+002	4.050342e+002	
4.118192e+002	3.214655e+002	3.074650e+002	
3.807562e+002	2.948287e+002	2.815288e+002	
3.809233e+002	2.978083e+002	2.849504e+002	
3.629304e+002	2.916203e+002	2.806189e+002	
6.489365e+002	6.428843e+002	6.419722e+002	
6.564473e+002	6.495133e+002	6.484692e+002	
6.579421e+002	6.493861e+002	6.481021e+002	
6.564127e+002	6.489623e+002	6.478472e+002	
6.575121e+002	6.516621e+002	6.507853e+002	
6.357424e+002	5.447291e+002	5.311593e+002	
5.052419e+002	3.974856e+002	3.813617e+002	
4.059913e+002	3.013922e+002	2.857002e+002	
3.249177e+002	2.374497e+002	2.242991e+002	
2.660817e+002	1.995300e+002	1.894992e+002	
6.355156e+002	5.491349e+002	5.362053e+002	
5.100125e+002	4.076272e+002	3.922801e+002	
4.063412e+002	3.089436e+002	2.943389e+002	
3.344565e+002	2.530799e+002	2.408478e+002	
2.815844e+002	2.211344e+002	2.120255e+002	
6.301878e+002	5.435580e+002	5.305295e+002	
4.988241e+002	4.005936e+002	3.858350e+002	
3.987704e+002	3.080650e+002	2.944645e+002	
3.235598e+002	2.497036e+002	2.385938e+002	
2.522204e+002	1.943682e+002	1.856630e+002	
2.762817e+002	2.270734e+002	2.194405e+002	
3.587217e+002	2.954600e+002	2.856650e+002	
4.616296e+002	3.873644e+002	3.758475e+002	
5.761923e+002	4.973698e+002	4.851584e+002	
6.882231e+002	6.194963e+002	6.088497e+002	
3.954699e+002	2.668863e+002	2.468301e+002	
2.023573e+002	1.007358e+002	8.488497e+001	
1.376252e+002	5.866718e+001	4.635138e+001	
9.669120e+001	3.665492e+001	2.729054e+001	
6.582384e+001	2.426169e+001	1.777888e+001	
1.256840e+002	7.932249e+001	7.209113e+001	
8.219684e+001	4.416206e+001	3.822943e+001	
5.867791e+001	2.907612e+001	2.445887e+001	
4.319239e+001	1.909510e+001	1.533644e+001	
3.422661e+001	1.766426e+001	1.508088e+001	
2.331743e+002	2.010380e+002	1.960651e+002	
2.874619e+002	2.458633e+002	2.394061e+002	
3.562327e+002	3.041495e+002	2.960659e+002	
4.727143e+002	4.069932e+002	3.967649e+002	
6.578423e+002	5.814314e+002	5.695393e+002	
6.289838e+001	4.863201e+001	4.642420e+001	
8.520191e+001	6.543600e+001	6.236761e+001	
1.152476e+002	8.810401e+001	8.388038e+001	
1.627422e+002	1.228840e+002	1.166849e+002	
3.233285e+002	2.465359e+002	2.345693e+002	
5.921618e+002	5.124288e+002	5.002404e+002	
4.517799e+002	3.758010e+002	3.642254e+002	
3.454392e+002	2.777139e+002	2.673938e+002	
2.750980e+002	2.227815e+002	2.148368e+002	
2.207963e+002	1.797359e+002	1.735070e+002	
6.056915e+002	5.311982e+002	5.198596e+002	
4.795572e+002	4.015440e+002	3.896560e+002	
3.747898e+002	3.054068e+002	2.948419e+002	
2.962716e+002	2.392979e+002	2.306463e+002	
2.426113e+002	1.989397e+002	1.923150e+002	
1.636110e+002	1.276511e+002	1.220511e+002	
2.264527e+002	1.752464e+002	1.672812e+002	
3.118036e+002	2.424622e+002	2.316664e+002	
4.619063e+002	3.772812e+002	3.640937e+002	
6.518851e+002	5.732896e+002	5.610472e+002	
3.466818e+002	2.353481e+002	2.179825e+002	
1.833069e+002	1.054175e+002	9.326836e+001	
1.240593e+002	6.820306e+001	5.949066e+001	
8.798554e+001	4.600326e+001	3.945489e+001	
6.301823e+001	3.223199e+001	2.742999e+001	
7.891878e+001	4.431625e+001	3.893127e+001	
1.391732e+002	9.066515e+001	8.310634e+001	
2.140962e+002	1.487583e+002	1.385695e+002	
3.356730e+002	2.491732e+002	2.356919e+002	
5.557646e+002	4.543845e+002	4.386069e+002	
4.507851e+002	3.574580e+002	3.430146e+002	
2.842169e+002	2.256401e+002	2.165597e+002	
2.104108e+002	1.708633e+002	1.647594e+002	
1.633324e+002	1.346310e+002	1.302083e+002	
1.446390e+002	1.257112e+002	1.228141e+002	
1.929521e+002	1.500193e+002	1.433327e+002	
2.369300e+002	1.769706e+002	1.676279e+002	
3.082780e+002	2.331270e+002	2.214119e+002	
4.597386e+002	3.694176e+002	3.553387e+002	
6.520669e+002	5.688768e+002	5.559045e+002	
1.833542e+002	1.437818e+002	1.377225e+002	
2.459581e+002	1.890168e+002	1.803306e+002	
3.079218e+002	2.319613e+002	2.203035e+002	
4.574486e+002	3.644104e+002	3.501133e+002	
6.733583e+002	5.866154e+002	5.733049e+002	
3.755562e+002	2.719810e+002	2.559936e+002	
2.184804e+002	1.486708e+002	1.379539e+002	
1.562508e+002	1.066687e+002	9.912318e+001	
1.178113e+002	8.036861e+001	7.469015e+001	
9.064746e+001	6.255489e+001	5.828434e+001	
6.772242e+001	3.569879e+001	3.080653e+001	
1.168189e+002	6.996727e+001	6.279760e+001	
1.842572e+002	1.203167e+002	1.105174e+002	
3.244347e+002	2.412735e+002	2.284909e+002	
5.666758e+002	4.689724e+002	4.539321e+002	
4.326831e+002	3.220383e+002	3.048895e+002	
2.287421e+002	1.582296e+002	1.473041e+002	
1.408511e+002	9.202422e+001	8.446564e+001	
8.479026e+001	4.943855e+001	4.396497e+001	
6.877143e+001	4.384152e+001	3.998831e+001	
1.453721e+002	9.893549e+001	9.185109e+001	
2.052917e+002	1.401087e+002	1.301810e+002	
3.049809e+002	2.238497e+002	2.114506e+002	
4.714257e+002	3.777414e+002	3.634159e+002	
6.790862e+002	5.938253e+002	5.807819e+002	
5.765729e+002	4.995854e+002	4.877791e+002	
3.943631e+002	3.165797e+002	3.046654e+002	
2.949350e+002	2.294892e+002	2.194898e+002	
2.234071e+002	1.690860e+002	1.608189e+002	
1.839459e+002	1.422197e+002	1.358726e+002	
4.855786e+002	4.014634e+002	3.885064e+002	
3.053118e+002	2.340072e+002	2.230572e+002	
2.198039e+002	1.640915e+002	1.555807e+002	
1.661230e+002	1.217383e+002	1.149802e+002	
1.293888e+002	9.405673e+001	8.866094e+001	
5.187103e+002	4.328876e+002	4.196962e+002	
3.361674e+002	2.662729e+002	2.555919e+002	
2.560959e+002	2.014743e+002	1.931550e+002	
1.935443e+002	1.493835e+002	1.426930e+002	
1.604466e+002	1.273387e+002	1.223081e+002	
3.159191e+002	2.286411e+002	2.150818e+002	
1.774984e+002	1.309003e+002	1.236981e+002	
1.240320e+002	9.312653e+001	8.837240e+001	
7.751061e+001	5.546807e+001	5.207568e+001	
6.035835e+001	4.428598e+001	4.181536e+001	
4.547998e+002	3.409678e+002	3.233264e+002	
2.131511e+002	1.254318e+002	1.118909e+002	
1.315361e+002	6.558118e+001	5.541959e+001	
8.972224e+001	4.042920e+001	3.286881e+001	
6.271975e+001	2.827031e+001	2.298966e+001	
5.334418e+002	4.197798e+002	4.022056e+002	
2.779532e+002	1.769154e+002	1.613554e+002	
1.648700e+002	8.883306e+001	7.711833e+001	
1.069204e+002	4.976114e+001	4.100606e+001	
7.421364e+001	3.669585e+001	3.095697e+001	
2.564339e+002	2.083813e+002	2.010860e+002	
3.314489e+002	2.650289e+002	2.549447e+002	
4.383149e+002	3.608269e+002	3.490492e+002	
5.805317e+002	5.036298e+002	4.919247e+002	
6.998783e+002	6.297349e+002	6.190580e+002	
6.200251e+002	5.593965e+002	5.500881e+002	
5.307238e+002	4.629508e+002	4.525636e+002	
4.436906e+002	3.780325e+002	3.679841e+002	
3.677786e+002	3.109484e+002	3.022327e+002	
3.202144e+002	2.751219e+002	2.682261e+002	
6.205037e+002	5.621396e+002	5.531523e+002	
5.309766e+002	4.672563e+002	4.574581e+002	
4.384305e+002	3.739401e+002	3.640427e+002	
3.649691e+002	3.109859e+002	3.027107e+002	
3.116210e+002	2.688093e+002	2.622291e+002	
6.191208e+002	5.587830e+002	5.494636e+002	
5.150402e+002	4.459160e+002	4.352681e+002	
4.219268e+002	3.566727e+002	3.466173e+002	
3.434356e+002	2.896267e+002	2.813459e+002	
2.931645e+002	2.505935e+002	2.440598e+002	
1.818791e+002	1.386657e+002	1.320537e+002	
3.561440e+002	2.976906e+002	2.888037e+002	
5.659972e+002	4.610094e+002	4.447960e+002	
7.202609e+002	5.726585e+002	5.496825e+002	
7.892222e+002	6.539515e+002	6.328782e+002	
4.637213e+002	3.239670e+002	3.021757e+002	
3.113492e+002	1.886684e+002	1.695905e+002	
2.223283e+002	1.362745e+002	1.229544e+002	
1.490071e+002	9.272452e+001	8.404395e+001	
8.831089e+001	5.516266e+001	5.005049e+001	
1.728391e+002	1.411753e+002	1.363770e+002	
3.066031e+002	2.588076e+002	2.516400e+002	
4.497990e+002	3.655878e+002	3.526674e+002	
5.728945e+002	4.357488e+002	4.144528e+002	
7.009207e+002	5.533144e+002	5.303436e+002	
5.362996e+002	4.116702e+002	3.924035e+002	
3.793512e+002	2.694410e+002	2.524786e+002	
2.876829e+002	2.048555e+002	1.920828e+002	
1.865259e+002	1.301588e+002	1.214617e+002	
1.097261e+002	7.474664e+001	6.934406e+001	
1.705895e+002	1.275087e+002	1.209919e+002	
3.649078e+002	3.069861e+002	2.983198e+002	
6.251340e+002	5.123799e+002	4.950222e+002	
7.739683e+002	6.087265e+002	5.830201e+002	
8.103885e+002	6.638752e+002	6.410430e+002	
6.435497e+002	5.652326e+002	5.530234e+002	
5.210873e+002	4.373348e+002	4.242946e+002	
3.992600e+002	3.241239e+002	3.124532e+002	
3.074559e+002	2.457418e+002	2.361503e+002	
2.424702e+002	1.931171e+002	1.854432e+002	
6.120722e+002	5.278867e+002	5.147643e+002	
4.540542e+002	3.648538e+002	3.509579e+002	
3.514271e+002	2.744514e+002	2.624671e+002	
2.742563e+002	2.098486e+002	1.998168e+002	
2.229397e+002	1.735455e+002	1.658644e+002	
6.923695e+001	2.562704e+001	1.882481e+001	
9.347886e+001	3.327522e+001	2.388472e+001	
1.314702e+002	5.536377e+001	4.349279e+001	
2.174946e+002	1.198616e+002	1.046329e+002	
5.099121e+002	3.899152e+002	3.711981e+002	
4.206002e+002	3.244535e+002	3.095220e+002	
2.433876e+002	1.768456e+002	1.664686e+002	
1.750916e+002	1.206714e+002	1.121941e+002	
1.323106e+002	8.868484e+001	8.189032e+001	
1.082514e+002	7.642272e+001	7.148173e+001	
5.228415e+002	4.433266e+002	4.309470e+002	
3.686519e+002	3.025695e+002	2.923012e+002	
3.010828e+002	2.503830e+002	2.425086e+002	
2.431186e+002	1.994236e+002	1.926479e+002	
1.991640e+002	1.641479e+002	1.587263e+002	
4.772031e+002	3.839446e+002	3.694760e+002	
3.384548e+002	2.718717e+002	2.615730e+002	
2.660612e+002	2.185249e+002	2.111696e+002	
2.183295e+002	1.798504e+002	1.739193e+002	
1.774126e+002	1.478973e+002	1.433473e+002	
1.852754e+002	1.556599e+002	1.511523e+002	
2.415533e+002	2.002950e+002	1.939926e+002	
3.053123e+002	2.459595e+002	2.368328e+002	
4.093886e+002	3.219133e+002	3.084099e+002	
5.956173e+002	4.855224e+002	4.684856e+002	
4.342715e+002	2.987888e+002	2.779331e+002	
2.214156e+002	1.143130e+002	9.782565e+001	
1.495304e+002	6.598737e+001	5.313176e+001	
1.132916e+002	4.687865e+001	3.664476e+001	
7.675146e+001	2.979272e+001	2.255927e+001	
3.056702e+002	2.638552e+002	2.574466e+002	
4.012935e+002	3.446927e+002	3.360274e+002	
4.916692e+002	4.210769e+002	4.102387e+002	
6.095241e+002	5.175115e+002	5.033395e+002	
7.164902e+002	6.233503e+002	6.089365e+002	
6.376185e+002	5.536205e+002	5.405184e+002	
4.979499e+002	4.056103e+002	3.912072e+002	
3.799619e+002	2.928944e+002	2.793137e+002	
2.900822e+002	2.190782e+002	2.080030e+002	
2.272858e+002	1.725477e+002	1.640097e+002	
6.314004e+002	5.541230e+002	5.420694e+002	
4.969354e+002	4.098553e+002	3.962725e+002	
3.802146e+002	2.992622e+002	2.866355e+002	
3.080364e+002	2.436173e+002	2.335693e+002	
2.547944e+002	2.064480e+002	1.989069e+002	
6.314224e+002	5.588890e+002	5.475756e+002	
4.934250e+002	4.116249e+002	3.988659e+002	
3.937716e+002	3.212126e+002	3.098950e+002	
3.223788e+002	2.641046e+002	2.550150e+002	
2.707598e+002	2.271008e+002	2.202910e+002	
2.967103e+002	2.373484e+002	2.281708e+002	
3.584567e+002	2.869884e+002	2.759391e+002	
6.520964e+002	5.101051e+002	4.880937e+002	
7.432955e+002	6.008954e+002	5.788277e+002	
7.970131e+002	6.746896e+002	6.557275e+002	
4.719879e+002	3.067019e+002	2.809619e+002	
3.791880e+002	2.112074e+002	1.850463e+002	
0.000000e+000	0.000000e+000	0.000000e+000	
0.000000e+000	0.000000e+000	0.000000e+000	
0.000000e+000	0.000000e+000	0.000000e+000	
0.000000e+000	0.000000e+000	0.000000e+000	
3.203517e-006	1.637958e-007	3.559543e-008	
5.617029e+002	4.016687e+002	3.768455e+002	
5.944435e+002	4.424662e+002	4.189121e+002	
6.752010e+002	5.332518e+002	5.112776e+002	
4.836074e+002	3.586293e+002	3.393743e+002	
3.636959e+002	2.403278e+002	2.212930e+002	
0.000000e+000	0.000000e+000	0.000000e+000	
0.000000e+000	0.000000e+000	0.000000e+000	
0.000000e+000	0.000000e+000	0.000000e+000	
0.000000e+000	0.000000e+000	0.000000e+000	
0.000000e+000	0.000000e+000	0.000000e+000	
8.150753e+002	5.703160e+002	5.322630e+002	
8.315078e+002	6.368193e+002	6.065752e+002	
8.345382e+002	6.810149e+002	6.572311e+002	
6.435110e+002	5.128749e+002	4.925185e+002	
4.905478e+002	3.362243e+002	3.121847e+002	
2.785846e+002	2.188181e+002	2.096095e+002	
1.092150e+002	7.848692e+001	7.370486e+001	
6.980865e+001	5.124468e+001	4.836344e+001	
5.347087e+002	4.142823e+002	3.955401e+002	
3.654433e+002	2.501590e+002	2.322069e+002	
2.309041e+002	1.697015e+002	1.602040e+002	
1.247585e+002	9.025632e+001	8.490131e+001	
7.579830e+001	5.294230e+001	4.940644e+001	
5.962881e+002	4.520917e+002	4.297241e+002	
4.317385e+002	3.079804e+002	2.887926e+002	
2.913801e+002	2.422451e+002	2.347287e+002	
1.431238e+002	1.172957e+002	1.132962e+002	
7.707549e+001	6.080006e+001	5.828172e+001	
3.505045e+002	2.408046e+002	2.237626e+002	
2.318660e+002	1.643588e+002	1.539070e+002	
1.678929e+002	1.369377e+002	1.321883e+002	
8.809820e+001	7.379836e+001	7.158259e+001	
4.091156e+001	3.407840e+001	3.301402e+001	
4.792737e+002	3.544047e+002	3.351715e+002	
2.471063e+002	1.455495e+002	1.299344e+002	
1.661219e+002	9.541372e+001	8.448599e+001	
8.308676e+001	4.474894e+001	3.881176e+001	
3.720942e+001	2.006394e+001	1.740401e+001	
5.589478e+002	4.282946e+002	4.082955e+002	
3.401154e+002	2.179985e+002	1.992362e+002	
2.114213e+002	1.404620e+002	1.295408e+002	
7.834251e+001	3.971987e+001	3.374544e+001	
3.255020e+001	1.405037e+001	1.118608e+001	
1.131525e+002	5.561547e+001	4.671600e+001	
2.656941e+002	1.948637e+002	1.839925e+002	
6.414588e+002	5.042435e+002	4.830686e+002	
7.764120e+002	5.933501e+002	5.649127e+002	
8.237750e+002	6.692538e+002	6.453182e+002	
6.268350e+002	5.630474e+002	5.531036e+002	
5.515487e+002	4.780314e+002	4.665754e+002	
4.819167e+002	4.132445e+002	4.025600e+002	
4.325341e+002	3.751795e+002	3.662549e+002	
3.834048e+002	3.398363e+002	3.330510e+002	
6.223121e+002	5.787369e+002	5.719402e+002	
5.675198e+002	5.170638e+002	5.091982e+002	
5.180853e+002	4.702576e+002	4.628009e+002	
4.774222e+002	4.370803e+002	4.307982e+002	
4.506440e+002	4.195574e+002	4.147163e+002	
6.137344e+002	5.790297e+002	5.736210e+002	
5.721439e+002	5.337272e+002	5.277390e+002	
5.413204e+002	5.032010e+002	4.972551e+002	
5.048942e+002	4.734463e+002	4.685439e+002	
4.858664e+002	4.602010e+002	4.561992e+002	
6.403621e+002	6.403621e+002	6.403621e+002	
6.387568e+002	6.386108e+002	6.385880e+002	
6.445524e+002	6.444030e+002	6.443796e+002	
6.441280e+002	6.441280e+002	6.441280e+002	
6.418323e+002	6.418323e+002	6.418323e+002	
4.257031e+002	3.248404e+002	3.091080e+002	
3.107065e+002	2.136270e+002	1.984847e+002	
2.817723e+002	1.880869e+002	1.734740e+002	
2.748875e+002	1.840437e+002	1.698740e+002	
2.597152e+002	1.829587e+002	1.709862e+002	
4.821389e+002	4.497900e+002	4.448086e+002	
4.858386e+002	4.505739e+002	4.451145e+002	
4.836606e+002	4.459427e+002	4.401111e+002	
5.044525e+002	4.632164e+002	4.568250e+002	
5.904973e+002	5.415572e+002	5.339611e+002	
5.109458e+002	4.210480e+002	4.071254e+002	
4.148625e+002	3.325948e+002	3.198677e+002	
3.910634e+002	3.117761e+002	2.994918e+002	
3.873423e+002	3.107297e+002	2.988633e+002	
3.714529e+002	3.058972e+002	2.957645e+002	
6.362883e+002	6.362883e+002	6.362883e+002	
6.432757e+002	6.432757e+002	6.432757e+002	
6.357910e+002	6.351772e+002	6.350816e+002	
6.373125e+002	6.370726e+002	6.370352e+002	
6.490300e+002	6.488232e+002	6.487909e+002	
6.214951e+002	5.612775e+002	5.518850e+002	
5.175737e+002	4.474140e+002	4.364708e+002	
4.314998e+002	3.621655e+002	3.513508e+002	
3.825688e+002	3.218136e+002	3.123372e+002	
3.265232e+002	2.777275e+002	2.701165e+002	
5.981545e+002	5.258681e+002	5.145928e+002	
4.487988e+002	3.666908e+002	3.538832e+002	
3.767502e+002	2.991245e+002	2.870168e+002	
3.331292e+002	2.641317e+002	2.533696e+002	
2.850357e+002	2.317442e+002	2.234318e+002	
9.202028e+001	2.948810e+001	1.973440e+001	
1.167126e+002	3.888067e+001	2.674058e+001	
1.445127e+002	5.888537e+001	4.552929e+001	
2.259381e+002	1.238923e+002	1.079753e+002	
5.077295e+002	3.848389e+002	3.656705e+002	
4.263824e+002	3.241242e+002	3.082273e+002	
2.441374e+002	1.668959e+002	1.548613e+002	
1.844690e+002	1.156578e+002	1.049308e+002	
1.402779e+002	8.214281e+001	7.308508e+001	
1.087247e+002	6.223924e+001	5.503534e+001	
4.900678e+002	4.397667e+002	4.319443e+002	
3.662703e+002	3.277434e+002	3.217476e+002	
3.300671e+002	2.969869e+002	2.918398e+002	
3.085723e+002	2.801698e+002	2.757477e+002	
2.872194e+002	2.646628e+002	2.611570e+002	
4.482663e+002	3.925827e+002	3.839542e+002	
3.460968e+002	3.142346e+002	3.093382e+002	
3.132845e+002	2.894218e+002	2.857693e+002	
3.065902e+002	2.867250e+002	2.836922e+002	
2.993219e+002	2.833275e+002	2.808822e+002	
2.797463e+002	2.535904e+002	2.496295e+002	
2.957451e+002	2.626131e+002	2.575669e+002	
3.229630e+002	2.829222e+002	2.768192e+002	
3.869630e+002	3.313625e+002	3.228310e+002	
5.522120e+002	4.785668e+002	4.671797e+002	
4.366467e+002	3.007386e+002	2.797876e+002	
2.302733e+002	1.169093e+002	9.940288e+001	
1.751987e+002	7.470625e+001	5.917795e+001	
1.592818e+002	6.676298e+001	5.246555e+001	
1.352928e+002	5.878201e+001	4.695053e+001	
4.748448e+002	4.499198e+002	4.461657e+002	
4.908605e+002	4.575165e+002	4.524811e+002	
5.229743e+002	4.850690e+002	4.793149e+002	
5.759683e+002	5.349193e+002	5.286700e+002	
6.540963e+002	6.204901e+002	6.153691e+002	
6.376042e+002	5.494073e+002	5.356670e+002	
5.098819e+002	4.096093e+002	3.939967e+002	
4.000478e+002	3.064330e+002	2.918528e+002	
3.239489e+002	2.467102e+002	2.346772e+002	
2.659090e+002	2.098754e+002	2.011483e+002	
6.325743e+002	5.515780e+002	5.389677e+002	
5.102983e+002	4.211400e+002	4.072475e+002	
4.072847e+002	3.241094e+002	3.111731e+002	
3.298579e+002	2.627979e+002	2.523600e+002	
2.772975e+002	2.262051e+002	2.182638e+002	
6.422366e+002	5.640398e+002	5.518461e+002	
5.100026e+002	4.199799e+002	4.059383e+002	
3.992342e+002	3.146515e+002	3.014683e+002	
3.247900e+002	2.556310e+002	2.448559e+002	
2.740141e+002	2.226586e+002	2.146483e+002	
1.693723e+002	1.310607e+002	1.252515e+002	
2.717719e+002	2.152533e+002	2.066346e+002	
3.877065e+002	3.040687e+002	2.912039e+002	
5.346954e+002	4.124990e+002	3.935952e+002	
7.131268e+002	5.930380e+002	5.744409e+002	
3.558101e+002	2.581711e+002	2.429414e+002	
1.986949e+002	1.375719e+002	1.280379e+002	
1.547571e+002	1.133676e+002	1.069118e+002	
1.237618e+002	9.416219e+001	8.954528e+001	
1.144325e+002	9.615339e+001	9.330219e+001	
6.893185e+001	3.178728e+001	2.599351e+001	
1.107155e+002	5.475486e+001	4.602761e+001	
1.588930e+002	8.367944e+001	7.195393e+001	
2.962545e+002	1.985711e+002	1.833415e+002	
5.677881e+002	4.562266e+002	4.388672e+002	
4.451595e+002	3.274272e+002	3.091702e+002	
2.572681e+002	1.858965e+002	1.748443e+002	
1.917811e+002	1.487390e+002	1.421079e+002	
1.391059e+002	1.076786e+002	1.028740e+002	
9.788306e+001	7.521372e+001	7.174502e+001	
1.550761e+002	1.140891e+002	1.077257e+002	
2.167241e+002	1.567363e+002	1.474211e+002	
2.814683e+002	1.981327e+002	1.851572e+002	
4.227716e+002	3.107051e+002	2.932300e+002	
6.741030e+002	5.636556e+002	5.464366e+002	
5.542574e+002	5.059158e+002	4.983754e+002	
4.156602e+002	3.696886e+002	3.625179e+002	
3.445222e+002	3.073517e+002	3.015540e+002	
3.124207e+002	2.838538e+002	2.793979e+002	
2.989184e+002	2.780148e+002	2.747544e+002	
4.715975e+002	4.107986e+002	4.013153e+002	
3.143985e+002	2.692129e+002	2.621649e+002	
2.663513e+002	2.322489e+002	2.269296e+002	
2.446852e+002	2.197514e+002	2.158624e+002	
2.287712e+002	2.086788e+002	2.055448e+002	
5.066852e+002	4.270876e+002	4.147061e+002	
3.278967e+002	2.638661e+002	2.539102e+002	
2.606498e+002	2.111867e+002	2.034976e+002	
2.192419e+002	1.807049e+002	1.747086e+002	
1.939882e+002	1.656263e+002	1.612121e+002	
3.088744e+002	2.196088e+002	2.056918e+002	
1.666049e+002	1.172219e+002	1.095319e+002	
1.067824e+002	7.310180e+001	6.785882e+001	
8.271605e+001	5.867592e+001	5.493676e+001	
5.214630e+001	3.408316e+001	3.127349e+001	
4.554983e+002	3.387699e+002	3.206748e+002	
2.094897e+002	1.185997e+002	1.045330e+002	
1.324979e+002	6.205143e+001	5.113895e+001	
9.518744e+001	3.960970e+001	3.099619e+001	
6.747619e+001	2.728930e+001	2.105796e+001	
5.342475e+002	4.143321e+002	3.957748e+002	
2.799082e+002	1.687596e+002	1.515864e+002	
1.699343e+002	7.690606e+001	6.251726e+001	
1.248651e+002	4.821112e+001	3.633349e+001	
8.808296e+001	3.350351e+001	2.504584e+001	
3.098705e+002	2.598724e+002	2.520824e+002	
3.735005e+002	3.082944e+002	2.981378e+002	
4.485620e+002	3.731095e+002	3.613639e+002	
5.817645e+002	5.081178e+002	4.966529e+002	
6.963859e+002	6.344140e+002	6.247690e+002	
5.968990e+002	5.960598e+002	5.959288e+002	
5.941055e+002	5.934830e+002	5.933859e+002	
5.917319e+002	5.911646e+002	5.910760e+002	
5.907693e+002	5.901003e+002	5.899959e+002	
5.946813e+002	5.942847e+002	5.942228e+002	
5.948071e+002	5.946024e+002	5.945705e+002	
5.926393e+002	5.922303e+002	5.921665e+002	
5.973040e+002	5.969908e+002	5.969420e+002	
5.934522e+002	5.929105e+002	5.928260e+002	
5.912085e+002	5.910286e+002	5.910006e+002	
5.930381e+002	5.928330e+002	5.928010e+002	
5.918019e+002	5.916150e+002	5.915858e+002	
5.944715e+002	5.942953e+002	5.942678e+002	
5.855605e+002	5.851348e+002	5.850684e+002	
5.932607e+002	5.931500e+002	5.931327e+002	
6.425145e+002	6.410283e+002	6.408061e+002	
6.428399e+002	6.411817e+002	6.409315e+002	
6.416680e+002	6.399541e+002	6.396955e+002	
6.477309e+002	6.456006e+002	6.452791e+002	
6.438349e+002	6.423284e+002	6.421026e+002	
4.198533e+002	3.203383e+002	3.048159e+002	
3.098210e+002	2.122736e+002	1.970581e+002	
2.851168e+002	1.904695e+002	1.757066e+002	
2.730553e+002	1.808775e+002	1.664997e+002	
2.572812e+002	1.811881e+002	1.693193e+002	
4.723805e+002	4.409391e+002	4.360832e+002	
4.827798e+002	4.474904e+002	4.420450e+002	
4.864117e+002	4.496837e+002	4.440031e+002	
5.090507e+002	4.679439e+002	4.615698e+002	
5.946674e+002	5.467049e+002	5.392526e+002	
5.115519e+002	4.209540e+002	4.069324e+002	
4.092497e+002	3.272089e+002	3.145236e+002	
3.925198e+002	3.135303e+002	3.013200e+002	
3.889013e+002	3.130938e+002	3.013435e+002	
3.744358e+002	3.107329e+002	3.009006e+002	
6.330643e+002	6.297983e+002	6.293042e+002	
6.383976e+002	6.348706e+002	6.343372e+002	
6.370212e+002	6.329039e+002	6.322874e+002	
6.436754e+002	6.401760e+002	6.396508e+002	
6.511111e+002	6.478029e+002	6.473037e+002	
6.563828e+002	5.768815e+002	5.647830e+002	
5.333046e+002	4.432477e+002	4.295683e+002	
4.645770e+002	3.825591e+002	3.701314e+002	
4.018737e+002	3.309836e+002	3.202410e+002	
3.308915e+002	2.733809e+002	2.646583e+002	
6.099253e+002	5.211674e+002	5.076025e+002	
4.686278e+002	3.741067e+002	3.596909e+002	
3.900556e+002	3.026396e+002	2.893354e+002	
3.356448e+002	2.613445e+002	2.500463e+002	
2.748012e+002	2.164737e+002	2.076146e+002	
8.737271e+001	3.522327e+001	2.709904e+001	
1.123297e+002	4.730434e+001	3.716505e+001	
1.430599e+002	6.430505e+001	5.202719e+001	
2.196171e+002	1.208153e+002	1.054115e+002	
5.061755e+002	3.833066e+002	3.641417e+002	
4.239289e+002	3.219273e+002	3.062314e+002	
2.510496e+002	1.779994e+002	1.667834e+002	
1.871682e+002	1.261112e+002	1.167662e+002	
1.441069e+002	9.190057e+001	8.391944e+001	
1.125995e+002	7.205840e+001	6.587363e+001	
4.949480e+002	4.305589e+002	4.207339e+002	
3.666492e+002	3.128446e+002	3.047031e+002	
3.146782e+002	2.657558e+002	2.583772e+002	
2.795016e+002	2.365796e+002	2.301109e+002	
2.625010e+002	2.292161e+002	2.242016e+002	
4.562679e+002	3.866780e+002	3.759554e+002	
3.415261e+002	2.930345e+002	2.856197e+002	
3.032414e+002	2.639455e+002	2.579590e+002	
2.876544e+002	2.540963e+002	2.489825e+002	
2.816257e+002	2.530129e+002	2.486482e+002	
2.762155e+002	2.527563e+002	2.491714e+002	
2.895732e+002	2.577824e+002	2.529139e+002	
3.204301e+002	2.811684e+002	2.751571e+002	
3.878090e+002	3.351880e+002	3.270956e+002	
5.581934e+002	4.836288e+002	4.721274e+002	
4.310759e+002	2.968550e+002	2.761492e+002	
2.270382e+002	1.161436e+002	9.901979e+001	
1.670169e+002	7.089673e+001	5.605019e+001	
1.473660e+002	6.205384e+001	4.886648e+001	
1.255116e+002	5.417537e+001	4.315538e+001	
4.415754e+002	4.039694e+002	3.983047e+002	
4.738953e+002	4.237610e+002	4.162251e+002	
5.074777e+002	4.470914e+002	4.380051e+002	
5.796260e+002	5.186345e+002	5.094779e+002	
6.664683e+002	6.169089e+002	6.094630e+002	
7.315744e+002	5.925143e+002	5.712115e+002	
6.475295e+002	4.988498e+002	4.761519e+002	
5.025281e+002	4.163382e+002	4.034570e+002	
3.263700e+002	2.547006e+002	2.440456e+002	
2.091692e+002	1.563314e+002	1.484361e+002	
7.570421e+002	6.072303e+002	5.842189e+002	
6.902709e+002	5.309225e+002	5.064541e+002	
5.054008e+002	4.297283e+002	4.184292e+002	
3.024994e+002	2.457255e+002	2.372580e+002	
1.822020e+002	1.387066e+002	1.321822e+002	
7.690370e+002	6.168514e+002	5.934755e+002	
7.067981e+002	5.401986e+002	5.145663e+002	
5.075459e+002	4.369149e+002	4.263498e+002	
2.979212e+002	2.423937e+002	2.341107e+002	
1.736211e+002	1.329597e+002	1.268614e+002	
7.881267e+002	6.340275e+002	6.102849e+002	
7.148810e+002	5.515631e+002	5.264530e+002	
5.107389e+002	4.407660e+002	4.303797e+002	
3.040155e+002	2.520304e+002	2.444012e+002	
1.814195e+002	1.440416e+002	1.385425e+002	
1.736621e+002	1.348161e+002	1.288954e+002	
2.502367e+002	1.877956e+002	1.782256e+002	
3.345833e+002	2.508832e+002	2.380561e+002	
4.138188e+002	3.124044e+002	2.968247e+002	
5.801395e+002	4.671946e+002	4.497675e+002	
6.092386e+002	4.667803e+002	4.447455e+002	
5.088125e+002	3.836322e+002	3.643261e+002	
3.690241e+002	3.039858e+002	2.940827e+002	
2.385899e+002	1.914541e+002	1.843500e+002	
1.375416e+002	1.043201e+002	9.931898e+001	
1.008414e+002	5.932252e+001	5.298486e+001	
1.677581e+002	9.920934e+001	8.866010e+001	
2.334976e+002	1.312823e+002	1.155124e+002	
3.067338e+002	1.727388e+002	1.520200e+002	
4.806648e+002	3.306794e+002	3.075134e+002	
7.534495e+002	6.178197e+002	5.970092e+002	
6.556498e+002	5.186841e+002	4.977182e+002	
4.834999e+002	4.156923e+002	4.055775e+002	
3.096961e+002	2.566421e+002	2.487892e+002	
1.994548e+002	1.611648e+002	1.555155e+002	
2.724908e+002	2.290165e+002	2.224058e+002	
3.412994e+002	2.834696e+002	2.746994e+002	
4.273441e+002	3.574412e+002	3.467997e+002	
5.326778e+002	4.517480e+002	4.394046e+002	
6.656972e+002	5.911963e+002	5.798126e+002	
2.914134e+002	2.443162e+002	2.371733e+002	
3.731177e+002	3.088568e+002	2.991213e+002	
4.609501e+002	3.832597e+002	3.714760e+002	
5.700135e+002	4.887622e+002	4.764363e+002	
6.806499e+002	6.066570e+002	5.954285e+002	
1.206526e+002	9.212670e+001	8.782656e+001	
1.664832e+002	1.294023e+002	1.237707e+002	
2.220578e+002	1.725766e+002	1.650704e+002	
2.965431e+002	2.303018e+002	2.201443e+002	
5.505468e+002	4.503113e+002	4.348282e+002	
2.788910e+002	2.327963e+002	2.258382e+002	
3.583857e+002	2.988778e+002	2.899389e+002	
4.553172e+002	3.852348e+002	3.746444e+002	
5.673004e+002	4.832470e+002	4.705133e+002	
7.224339e+002	6.319796e+002	6.182048e+002	
9.040546e+001	4.140696e+001	3.388008e+001	
1.310540e+002	5.893758e+001	4.788372e+001	
1.754392e+002	8.068119e+001	6.611436e+001	
2.549417e+002	1.359042e+002	1.175828e+002	
5.055626e+002	3.632664e+002	3.412986e+002	
5.776914e+001	2.996499e+001	2.566873e+001	
7.476015e+001	4.136689e+001	3.621879e+001	
8.443147e+001	4.323943e+001	3.686463e+001	
1.138187e+002	6.558897e+001	5.814075e+001	
1.324167e+002	8.275077e+001	7.506442e+001	
6.877369e+002	5.922377e+002	5.777401e+002	
5.850316e+002	4.894706e+002	4.750235e+002	
4.617211e+002	3.870259e+002	3.757917e+002	
3.666873e+002	3.081071e+002	2.993397e+002	
2.879454e+002	2.410816e+002	2.340662e+002	
4.084936e+002	3.750714e+002	3.700719e+002	
4.623154e+002	4.200474e+002	4.137302e+002	
5.236332e+002	4.756514e+002	4.684847e+002	
6.084562e+002	5.623892e+002	5.554999e+002	
6.689442e+002	6.298949e+002	6.240405e+002	
3.537874e+002	3.101281e+002	3.035961e+002	
4.264333e+002	3.716334e+002	3.634192e+002	
5.030021e+002	4.389781e+002	4.294006e+002	
6.103090e+002	5.496462e+002	5.405638e+002	
6.807638e+002	6.271208e+002	6.190995e+002	
3.353163e+002	2.887634e+002	2.817934e+002	
4.204858e+002	3.607400e+002	3.517842e+002	
5.017184e+002	4.327834e+002	4.224704e+002	
5.976141e+002	5.305181e+002	5.204470e+002	
6.838937e+002	6.246907e+002	6.158182e+002	
6.014318e+002	6.014318e+002	6.014318e+002	
6.140466e+002	6.139352e+002	6.139178e+002	
6.097025e+002	6.095974e+002	6.095810e+002	
6.130846e+002	6.130846e+002	6.130846e+002	
6.113055e+002	6.112241e+002	6.112114e+002	
3.497925e+002	2.773507e+002	2.660515e+002	
3.591251e+002	2.805857e+002	2.683351e+002	
3.656954e+002	2.847916e+002	2.721724e+002	
4.143564e+002	3.281717e+002	3.147286e+002	
5.675955e+002	4.758759e+002	4.615697e+002	
5.085492e+002	4.576727e+002	4.497918e+002	
4.404815e+002	4.018635e+002	3.958618e+002	
4.226941e+002	3.868168e+002	3.812695e+002	
4.298009e+002	3.949097e+002	3.895098e+002	
4.209387e+002	3.918309e+002	3.873331e+002	
2.768134e+002	2.072799e+002	1.965085e+002	
2.926889e+002	2.159623e+002	2.040545e+002	
2.942879e+002	2.137089e+002	2.012255e+002	
3.354836e+002	2.505551e+002	2.374167e+002	
5.235615e+002	4.378200e+002	4.245503e+002	
6.109863e+002	6.109863e+002	6.109863e+002	
6.067062e+002	6.067062e+002	6.067062e+002	
6.073226e+002	6.073226e+002	6.073226e+002	
6.139268e+002	6.139268e+002	6.139268e+002	
6.098867e+002	6.096498e+002	6.096130e+002	
4.416638e+002	4.024672e+002	3.964006e+002	
4.765570e+002	4.236385e+002	4.154531e+002	
5.223984e+002	4.651717e+002	4.563431e+002	
5.863335e+002	5.260757e+002	5.167736e+002	
6.499541e+002	5.988949e+002	5.910073e+002	
4.757414e+002	4.396722e+002	4.341058e+002	
5.074991e+002	4.618815e+002	4.548394e+002	
5.510550e+002	4.977766e+002	4.895479e+002	
6.029730e+002	5.508411e+002	5.427967e+002	
6.592765e+002	6.135276e+002	6.064767e+002	
3.725338e+002	2.268087e+002	2.040826e+002	
2.097002e+002	8.198128e+001	6.206673e+001	
1.658042e+002	5.309314e+001	3.551453e+001	
1.412605e+002	3.949226e+001	2.361969e+001	
1.170950e+002	3.348583e+001	2.044767e+001	
1.180865e+002	7.148067e+001	6.428450e+001	
1.648123e+002	1.068076e+002	9.782319e+001	
2.060235e+002	1.405956e+002	1.304479e+002	
2.778491e+002	2.028130e+002	1.911791e+002	
4.337032e+002	3.365769e+002	3.215250e+002	
4.478319e+002	4.322684e+002	4.298909e+002	
4.729345e+002	4.512125e+002	4.479002e+002	
5.004915e+002	4.737312e+002	4.696446e+002	
5.566116e+002	5.251940e+002	5.203829e+002	
6.581830e+002	6.186888e+002	6.126116e+002	
2.053646e+002	1.856596e+002	1.826682e+002	
2.236551e+002	1.974103e+002	1.934023e+002	
2.543804e+002	2.214054e+002	2.163313e+002	
3.069421e+002	2.620438e+002	2.551221e+002	
4.804833e+002	4.022950e+002	3.901853e+002	
4.288027e+002	3.592259e+002	3.485477e+002	
3.345709e+002	2.802618e+002	2.719796e+002	
3.041247e+002	2.589035e+002	2.520114e+002	
2.838351e+002	2.458789e+002	2.400765e+002	
2.708802e+002	2.398922e+002	2.351340e+002	
1.508485e+002	4.798624e+001	3.204922e+001	
1.755628e+002	5.806847e+001	3.987705e+001	
2.093286e+002	8.185658e+001	6.216139e+001	
2.609410e+002	1.224965e+002	1.011523e+002	
4.597209e+002	3.166028e+002	2.945288e+002	
6.149039e+002	5.736560e+002	5.674587e+002	
5.505969e+002	5.026525e+002	4.954424e+002	
5.143163e+002	4.703311e+002	4.637070e+002	
4.809541e+002	4.447688e+002	4.393092e+002	
4.574492e+002	4.303437e+002	4.262369e+002	
1.438950e+002	1.056813e+002	9.985703e+001	
2.089014e+002	1.473791e+002	1.380125e+002	
2.980821e+002	2.097781e+002	1.962589e+002	
4.687258e+002	3.490797e+002	3.307781e+002	
6.667665e+002	5.515023e+002	5.338734e+002	
1.651150e+002	1.339204e+002	1.291559e+002	
2.191192e+002	1.707094e+002	1.633322e+002	
2.993865e+002	2.342828e+002	2.243669e+002	
4.401078e+002	3.506001e+002	3.369361e+002	
6.382111e+002	5.502213e+002	5.367538e+002	
2.063071e+002	1.661049e+002	1.599367e+002	
2.647154e+002	2.072308e+002	1.984134e+002	
3.485717e+002	2.760114e+002	2.648842e+002	
4.886282e+002	4.007402e+002	3.873027e+002	
6.522399e+002	5.699711e+002	5.573541e+002	
3.075702e+002	2.535155e+002	2.453632e+002	
4.030318e+002	3.344812e+002	3.240211e+002	
4.882625e+002	4.030443e+002	3.899676e+002	
5.960798e+002	4.874283e+002	4.706163e+002	
7.104221e+002	5.973912e+002	5.798539e+002	
3.263082e+002	2.736071e+002	2.656466e+002	
4.303819e+002	3.651073e+002	3.551938e+002	
5.355028e+002	4.579340e+002	4.460790e+002	
6.410964e+002	5.449293e+002	5.301027e+002	
7.250332e+002	6.324042e+002	6.180714e+002	
6.039199e+002	4.943724e+002	4.777355e+002	
4.760366e+002	3.638599e+002	3.467478e+002	
3.723823e+002	2.716689e+002	2.562562e+002	
2.859598e+002	2.023422e+002	1.894797e+002	
2.201338e+002	1.582976e+002	1.487809e+002	
6.236633e+002	5.325715e+002	5.186509e+002	
5.001565e+002	3.997123e+002	3.843075e+002	
3.901421e+002	2.964175e+002	2.820626e+002	
2.962823e+002	2.189565e+002	2.070657e+002	
2.280594e+002	1.687845e+002	1.596388e+002	
3.599904e+002	3.031185e+002	2.946859e+002	
4.930119e+002	4.242734e+002	4.140422e+002	
5.983903e+002	5.098839e+002	4.964877e+002	
6.804835e+002	5.714482e+002	5.546898e+002	
7.504684e+002	6.317717e+002	6.133744e+002	
3.696441e+002	3.164049e+002	3.085094e+002	
5.048939e+002	4.418164e+002	4.324704e+002	
6.104443e+002	5.347851e+002	5.233698e+002	
7.012291e+002	5.990101e+002	5.833004e+002	
7.603230e+002	6.558065e+002	6.396285e+002	
6.054941e+002	4.576328e+002	4.358401e+002	
4.969928e+002	3.579222e+002	3.369941e+002	
4.124188e+002	2.921118e+002	2.737965e+002	
3.269420e+002	2.334227e+002	2.191039e+002	
2.456460e+002	1.752699e+002	1.645381e+002	
4.226573e+002	3.742121e+002	3.670958e+002	
5.536021e+002	4.973076e+002	4.890622e+002	
6.499808e+002	5.799826e+002	5.694835e+002	
7.267864e+002	6.297576e+002	6.148339e+002	
7.639575e+002	6.648083e+002	6.494711e+002	
4.023854e+002	3.497674e+002	3.419912e+002	
5.360112e+002	4.732084e+002	4.640025e+002	
6.477241e+002	5.779690e+002	5.675063e+002	
7.282347e+002	6.310125e+002	6.160590e+002	
7.682064e+002	6.685059e+002	6.530833e+002	
6.103427e+002	6.103427e+002	6.103427e+002	
5.987155e+002	5.982353e+002	5.981604e+002	
5.974251e+002	5.969745e+002	5.969051e+002	
6.090142e+002	6.087985e+002	6.087648e+002	
6.038884e+002	6.038884e+002	6.038884e+002	
6.070702e+002	6.070702e+002	6.070702e+002	
6.060609e+002	6.060609e+002	6.060609e+002	
6.022632e+002	6.017605e+002	6.016863e+002	
6.015670e+002	6.013775e+002	6.013479e+002	
6.068242e+002	6.068242e+002	6.068242e+002	
6.063953e+002	6.061862e+002	6.061535e+002	
6.126411e+002	6.119937e+002	6.118927e+002	
6.048812e+002	6.046670e+002	6.046358e+002	
6.077925e+002	6.075385e+002	6.074988e+002	
6.120761e+002	6.120761e+002	6.120761e+002	
5.794979e+002	5.398371e+002	5.336506e+002	
5.940016e+002	5.453593e+002	5.377721e+002	
6.115030e+002	5.616685e+002	5.538956e+002	
6.287545e+002	5.780247e+002	5.701118e+002	
6.766829e+002	6.355322e+002	6.291138e+002	
6.226890e+002	6.016462e+002	5.983637e+002	
6.323837e+002	6.046998e+002	6.003816e+002	
6.407746e+002	6.115275e+002	6.069653e+002	
6.560863e+002	6.284022e+002	6.240838e+002	
6.766879e+002	6.565217e+002	6.533763e+002	
2.747445e+002	1.802464e+002	1.655067e+002	
9.281935e+001	4.396031e+001	3.633934e+001	
6.008942e+001	1.923840e+001	1.286650e+001	
5.327444e+001	1.458532e+001	8.550644e+000	
4.309278e+001	1.000255e+001	4.841171e+000	
9.690419e+001	9.603867e+001	9.590884e+001	
9.555875e+001	9.380153e+001	9.353904e+001	
1.124930e+002	1.072274e+002	1.064163e+002	
1.640046e+002	1.434844e+002	1.402908e+002	
4.232484e+002	3.489700e+002	3.373909e+002	
9.374471e+001	9.259606e+001	9.244709e+001	
9.556195e+001	9.346432e+001	9.314143e+001	
1.053769e+002	9.897155e+001	9.798460e+001	
1.470101e+002	1.267903e+002	1.236538e+002	
3.564314e+002	2.878831e+002	2.772259e+002	
4.675010e+001	1.164410e+001	6.195096e+000	
5.314046e+001	1.414709e+001	8.089041e+000	
6.549200e+001	2.389384e+001	1.743523e+001	
1.151392e+002	5.938900e+001	5.073010e+001	
3.913020e+002	2.874584e+002	2.713332e+002	
6.168317e+002	5.621705e+002	5.540643e+002	
5.759497e+002	5.140829e+002	5.048210e+002	
5.646081e+002	5.031025e+002	4.938942e+002	
5.552278e+002	4.977354e+002	4.890882e+002	
5.283494e+002	4.866308e+002	4.803210e+002	
6.198810e+002	5.918297e+002	5.876512e+002	
5.946751e+002	5.580837e+002	5.526184e+002	
5.845351e+002	5.480802e+002	5.426339e+002	
5.721338e+002	5.396629e+002	5.347875e+002	
5.633391e+002	5.389105e+002	5.352287e+002	
6.669804e+002	6.668005e+002	6.667725e+002	
6.652683e+002	6.648220e+002	6.647539e+002	
6.574769e+002	6.568270e+002	6.567299e+002	
6.607904e+002	6.603517e+002	6.602849e+002	
6.730519e+002	6.721680e+002	6.720348e+002	
6.553028e+002	6.545024e+002	6.543817e+002	
6.572571e+002	6.568395e+002	6.567770e+002	
6.652126e+002	6.650135e+002	6.649839e+002	
6.633103e+002	6.628390e+002	6.627689e+002	
6.661393e+002	6.657031e+002	6.656379e+002	
6.555507e+002	6.547501e+002	6.546293e+002	
6.611913e+002	6.608899e+002	6.608444e+002	
6.632700e+002	6.626661e+002	6.625750e+002	
6.624461e+002	6.622438e+002	6.622131e+002	
6.661132e+002	6.656769e+002	6.656118e+002	
6.027727e+002	5.382625e+002	5.282062e+002	
4.908369e+002	4.175772e+002	4.061556e+002	
4.045000e+002	3.351952e+002	3.243880e+002	
3.592143e+002	3.017611e+002	2.928056e+002	
3.059139e+002	2.622767e+002	2.554723e+002	
6.099564e+002	5.314106e+002	5.191593e+002	
4.753148e+002	3.860269e+002	3.720999e+002	
3.736289e+002	2.903722e+002	2.773860e+002	
2.964502e+002	2.288695e+002	2.183283e+002	
2.358951e+002	1.847686e+002	1.767940e+002	
6.107348e+002	5.298661e+002	5.172525e+002	
4.788622e+002	3.869628e+002	3.726284e+002	
3.687696e+002	2.839073e+002	2.706705e+002	
2.833031e+002	2.119108e+002	2.007751e+002	
2.269681e+002	1.746213e+002	1.664563e+002	
5.912200e+002	5.051260e+002	4.919798e+002	
4.528228e+002	3.742937e+002	3.623494e+002	
3.740347e+002	3.096591e+002	2.999618e+002	
3.037640e+002	2.499414e+002	2.418468e+002	
2.469436e+002	2.066614e+002	2.006366e+002	
3.894410e+002	2.998211e+002	2.859269e+002	
3.225402e+002	2.507852e+002	2.397079e+002	
2.804421e+002	2.218491e+002	2.128444e+002	
2.324787e+002	1.843026e+002	1.769398e+002	
1.972561e+002	1.578883e+002	1.518416e+002	
2.212777e+002	1.719241e+002	1.643697e+002	
2.948443e+002	2.275936e+002	2.172543e+002	
3.733633e+002	2.899019e+002	2.770388e+002	
4.847493e+002	3.833667e+002	3.676713e+002	
6.637468e+002	5.625006e+002	5.468183e+002	
1.881863e+002	1.364750e+002	1.285008e+002	
2.256687e+002	1.613084e+002	1.513549e+002	
2.775493e+002	2.024529e+002	1.908258e+002	
3.220560e+002	2.346444e+002	2.210790e+002	
3.777273e+002	2.817828e+002	2.668560e+002	
6.381227e+002	5.639802e+002	5.528976e+002	
5.103846e+002	4.298628e+002	4.178814e+002	
4.145824e+002	3.459062e+002	3.357567e+002	
3.352378e+002	2.799519e+002	2.718264e+002	
2.936867e+002	2.521394e+002	2.460632e+002	
5.085089e+002	4.018314e+002	3.856291e+002	
3.826144e+002	2.792211e+002	2.636584e+002	
2.961273e+002	2.084471e+002	1.953337e+002	
2.348259e+002	1.632719e+002	1.525755e+002	
1.780239e+002	1.241708e+002	1.161076e+002	
2.437469e+002	1.973017e+002	1.903324e+002	
2.847148e+002	2.211575e+002	2.115765e+002	
3.434985e+002	2.647356e+002	2.527571e+002	
4.139788e+002	3.163781e+002	3.014321e+002	
5.662329e+002	4.580190e+002	4.414346e+002	
6.392339e+002	5.614817e+002	5.497396e+002	
5.369721e+002	4.542696e+002	4.419249e+002	
4.709479e+002	3.996669e+002	3.890864e+002	
4.230711e+002	3.660288e+002	3.575847e+002	
3.774221e+002	3.366855e+002	3.306302e+002	
6.346281e+002	5.727600e+002	5.634207e+002	
5.619406e+002	4.937895e+002	4.835494e+002	
5.147833e+002	4.564500e+002	4.477512e+002	
4.749546e+002	4.292936e+002	4.224785e+002	
4.450720e+002	4.122982e+002	4.073955e+002	
6.519562e+002	6.498417e+002	6.495216e+002	
6.593665e+002	6.572101e+002	6.568863e+002	
6.590671e+002	6.572587e+002	6.569836e+002	
6.600704e+002	6.578148e+002	6.574771e+002	
6.625580e+002	6.608110e+002	6.605500e+002	
6.532768e+002	6.517548e+002	6.515250e+002	
6.626882e+002	6.614366e+002	6.612501e+002	
6.593699e+002	6.580234e+002	6.578231e+002	
6.594806e+002	6.581838e+002	6.579882e+002	
6.601871e+002	6.590844e+002	6.589158e+002	
6.505729e+002	6.495437e+002	6.493886e+002	
6.514567e+002	6.502981e+002	6.501224e+002	
6.631340e+002	6.617656e+002	6.615594e+002	
6.594899e+002	6.582617e+002	6.580764e+002	
6.594247e+002	6.583505e+002	6.581876e+002	
6.068735e+002	5.249850e+002	5.126977e+002	
4.772307e+002	3.840667e+002	3.700258e+002	
4.000105e+002	3.119501e+002	2.986576e+002	
3.410402e+002	2.616985e+002	2.496996e+002	
2.966415e+002	2.362323e+002	2.271075e+002	
4.962760e+002	3.990191e+002	3.842129e+002	
3.611532e+002	2.677768e+002	2.535816e+002	
3.224065e+002	2.358613e+002	2.227051e+002	
2.899808e+002	2.085023e+002	1.960737e+002	
2.541765e+002	1.885721e+002	1.785508e+002	
2.019938e+001	4.992959e+000	2.621080e+000	
2.594586e+001	7.188686e+000	4.264477e+000	
4.258464e+001	1.829435e+001	1.450873e+001	
1.137874e+002	7.279549e+001	6.640285e+001	
4.235533e+002	3.376609e+002	3.242663e+002	
3.227144e+002	2.460356e+002	2.341465e+002	
1.229853e+002	9.922687e+001	9.558636e+001	
9.615350e+001	8.376999e+001	8.189120e+001	
7.966568e+001	7.028271e+001	6.887140e+001	
6.425415e+001	5.559356e+001	5.429589e+001	
2.169503e+002	1.553457e+002	1.457420e+002	
7.986193e+001	6.623002e+001	6.410681e+001	
5.665409e+001	5.217515e+001	5.148060e+001	
5.378976e+001	5.154346e+001	5.120490e+001	
5.460291e+001	5.369870e+001	5.356147e+001	
3.138159e+002	2.351992e+002	2.229665e+002	
7.790575e+001	4.163816e+001	3.599286e+001	
4.200225e+001	1.535380e+001	1.120764e+001	
3.540157e+001	1.107402e+001	7.290086e+000	
2.696314e+001	6.778286e+000	3.641924e+000	
4.686808e+002	4.412731e+002	4.372042e+002	
4.907997e+002	4.548836e+002	4.495313e+002	
5.113647e+002	4.698448e+002	4.635891e+002	
5.645496e+002	5.189620e+002	5.120620e+002	
6.663933e+002	6.259562e+002	6.198295e+002	
3.470222e+002	3.136685e+002	3.087420e+002	
3.630826e+002	3.223638e+002	3.162107e+002	
3.854353e+002	3.386985e+002	3.315997e+002	
4.303737e+002	3.754036e+002	3.670115e+002	
5.717427e+002	5.064038e+002	4.964019e+002	
6.274058e+002	5.341572e+002	5.203383e+002	
5.004608e+002	3.938217e+002	3.780886e+002	
3.878763e+002	2.912308e+002	2.768752e+002	
3.173446e+002	2.377501e+002	2.259017e+002	
2.553889e+002	1.969986e+002	1.882984e+002	
6.230852e+002	5.359413e+002	5.229207e+002	
5.003063e+002	4.051771e+002	3.910066e+002	
3.915645e+002	3.053666e+002	2.925748e+002	
3.190190e+002	2.484306e+002	2.379726e+002	
2.643282e+002	2.126383e+002	2.049785e+002	
6.272600e+002	5.394821e+002	5.263634e+002	
4.972822e+002	4.036403e+002	3.897235e+002	
3.898789e+002	3.062365e+002	2.938047e+002	
3.054615e+002	2.361687e+002	2.259012e+002	
2.539470e+002	2.033431e+002	1.958354e+002	
1.100490e+002	7.436411e+001	6.886329e+001	
1.675475e+002	1.145651e+002	1.063847e+002	
2.539077e+002	1.819460e+002	1.707909e+002	
4.015021e+002	2.995423e+002	2.836931e+002	
6.483733e+002	5.464974e+002	5.306635e+002	
1.097010e+002	8.194936e+001	7.770206e+001	
1.523055e+002	1.117341e+002	1.054878e+002	
2.143314e+002	1.566916e+002	1.478203e+002	
3.488467e+002	2.640824e+002	2.509805e+002	
6.085551e+002	5.060686e+002	4.901653e+002	
2.763659e+002	2.456971e+002	2.410678e+002	
3.318261e+002	2.895123e+002	2.831166e+002	
4.044584e+002	3.482357e+002	3.397214e+002	
5.078783e+002	4.317361e+002	4.200956e+002	
6.615352e+002	5.748147e+002	5.614770e+002	
3.145279e+002	2.565502e+002	2.476673e+002	
3.713539e+002	2.936732e+002	2.817407e+002	
4.644232e+002	3.742793e+002	3.604168e+002	
5.721644e+002	4.746873e+002	4.596912e+002	
6.772506e+002	5.881952e+002	5.744962e+002	
3.184971e+002	2.658140e+002	2.577834e+002	
3.925695e+002	3.230206e+002	3.123765e+002	
4.904106e+002	4.089906e+002	3.965675e+002	
5.975009e+002	5.146457e+002	5.019953e+002	
6.967496e+002	6.253547e+002	6.144497e+002	
6.360677e+002	5.390917e+002	5.244174e+002	
5.361439e+002	4.442887e+002	4.304319e+002	
4.549894e+002	3.801491e+002	3.689497e+002	
3.666263e+002	3.025025e+002	2.929068e+002	
3.121786e+002	2.635842e+002	2.563360e+002	
6.582286e+002	5.766992e+002	5.643771e+002	
5.692123e+002	4.886980e+002	4.765835e+002	
4.832535e+002	4.208550e+002	4.115809e+002	
3.862962e+002	3.320121e+002	3.239416e+002	
3.204457e+002	2.764952e+002	2.699762e+002	
1.333184e+002	9.399823e+001	8.798644e+001	
1.845680e+002	1.281853e+002	1.195584e+002	
2.652787e+002	1.908222e+002	1.794015e+002	
4.229048e+002	3.265812e+002	3.117722e+002	
6.522009e+002	5.541521e+002	5.390366e+002	
2.097241e+002	1.692488e+002	1.630938e+002	
2.671059e+002	2.078722e+002	1.988501e+002	
3.658340e+002	2.914043e+002	2.800381e+002	
5.185554e+002	4.306316e+002	4.171333e+002	
6.866107e+002	6.051234e+002	5.926387e+002	
5.406081e+002	4.329939e+002	4.164853e+002	
3.684947e+002	2.911460e+002	2.792968e+002	
2.851089e+002	2.291324e+002	2.206253e+002	
2.280572e+002	1.864318e+002	1.801284e+002	
1.950661e+002	1.633683e+002	1.585822e+002	
1.060127e+002	6.168551e+001	5.485452e+001	
1.417607e+002	8.005865e+001	7.059541e+001	
1.961741e+002	1.154378e+002	1.030509e+002	
3.282356e+002	2.193674e+002	2.026547e+002	
6.189373e+002	5.035223e+002	4.857771e+002	
8.726559e+001	5.313710e+001	4.790989e+001	
1.251357e+002	7.439306e+001	6.661901e+001	
1.813884e+002	1.114855e+002	1.007700e+002	
3.128980e+002	2.100830e+002	1.942584e+002	
6.125029e+002	4.978027e+002	4.801176e+002	
6.385625e+002	5.502917e+002	5.370302e+002	
5.126443e+002	4.174679e+002	4.032554e+002	
4.171732e+002	3.378209e+002	3.260211e+002	
3.237010e+002	2.582653e+002	2.485584e+002	
2.632882e+002	2.151459e+002	2.080207e+002	
6.467283e+002	5.601028e+002	5.470405e+002	
5.407878e+002	4.532039e+002	4.400685e+002	
4.399667e+002	3.657464e+002	3.546656e+002	
3.509095e+002	2.901400e+002	2.811058e+002	
2.841067e+002	2.392468e+002	2.325477e+002	
6.561813e+002	5.681246e+002	5.548221e+002	
5.521750e+002	4.661043e+002	4.531715e+002	
4.521188e+002	3.789681e+002	3.680032e+002	
3.749933e+002	3.162108e+002	3.074575e+002	
3.040289e+002	2.586984e+002	2.519117e+002	
3.456289e+002	2.927908e+002	2.846718e+002	
4.290192e+002	3.590658e+002	3.483400e+002	
4.995067e+002	4.151049e+002	4.021432e+002	
6.071421e+002	5.130636e+002	4.985594e+002	
6.872872e+002	5.990743e+002	5.854718e+002	
3.693950e+002	3.200972e+002	3.125452e+002	
4.615566e+002	3.985832e+002	3.889287e+002	
5.378882e+002	4.593322e+002	4.472670e+002	
6.225259e+002	5.376421e+002	5.245862e+002	
7.102097e+002	6.261037e+002	6.131703e+002	
2.718347e+002	1.808241e+002	1.666282e+002	
8.196379e+001	3.872519e+001	3.198090e+001	
4.682666e+001	1.543007e+001	1.053287e+001	
3.588907e+001	1.018752e+001	6.178629e+000	
2.521331e+001	5.701215e+000	2.657745e+000	
6.926643e+001	6.364112e+001	6.279960e+001	
8.670692e+001	7.895107e+001	7.780047e+001	
1.082730e+002	9.671622e+001	9.497308e+001	
1.600351e+002	1.299295e+002	1.252673e+002	
4.388181e+002	3.528947e+002	3.395443e+002	
4.767286e+001	4.209077e+001	4.123114e+001	
6.588857e+001	5.769154e+001	5.641582e+001	
9.408557e+001	8.306653e+001	8.135423e+001	
1.338753e+002	1.081057e+002	1.040940e+002	
3.485998e+002	2.735588e+002	2.618728e+002	
3.053421e+001	8.199766e+000	4.728290e+000	
3.959946e+001	1.201048e+001	7.723963e+000	
5.521209e+001	2.137953e+001	1.612561e+001	
1.076560e+002	5.832674e+001	5.065391e+001	
3.885788e+002	2.898639e+002	2.745010e+002	
6.487953e+002	5.439699e+002	5.282104e+002	
5.413540e+002	4.435387e+002	4.288609e+002	
4.474111e+002	3.619427e+002	3.491707e+002	
3.849373e+002	3.130211e+002	3.022735e+002	
3.127639e+002	2.591121e+002	2.510921e+002	
6.608995e+002	5.689030e+002	5.550380e+002	
5.651888e+002	4.746521e+002	4.610706e+002	
4.882408e+002	4.129951e+002	4.017708e+002	
3.979472e+002	3.324479e+002	3.226650e+002	
3.303043e+002	2.800164e+002	2.725054e+002	
2.240317e+002	1.724556e+002	1.646026e+002	
3.175277e+002	2.426651e+002	2.311354e+002	
4.510934e+002	3.495989e+002	3.338965e+002	
5.900817e+002	4.600887e+002	4.399043e+002	
7.289547e+002	6.102433e+002	5.918090e+002	
2.465957e+002	1.946004e+002	1.866284e+002	
3.373887e+002	2.622900e+002	2.507506e+002	
4.490319e+002	3.536078e+002	3.388891e+002	
5.849313e+002	4.718015e+002	4.542817e+002	
7.120682e+002	6.056219e+002	5.891356e+002	
2.659362e+002	2.152771e+002	2.075231e+002	
3.584254e+002	2.869258e+002	2.759585e+002	
4.725594e+002	3.826454e+002	3.687824e+002	
5.958574e+002	4.937266e+002	4.779578e+002	
7.038436e+002	6.072784e+002	5.923728e+002	
7.762394e+002	6.404193e+002	6.193837e+002	
7.375696e+002	6.009319e+002	5.798129e+002	
5.864176e+002	5.410030e+002	5.342222e+002	
3.251928e+002	2.781731e+002	2.711394e+002	
1.974107e+002	1.615303e+002	1.561732e+002	
7.624352e+002	6.398193e+002	6.208644e+002	
7.070967e+002	5.864144e+002	5.678171e+002	
5.611511e+002	5.165894e+002	5.099887e+002	
3.274550e+002	2.821431e+002	2.753993e+002	
2.035143e+002	1.679186e+002	1.626190e+002	
7.288940e+002	6.250603e+002	6.090726e+002	
6.740000e+002	5.737767e+002	5.583749e+002	
5.333619e+002	4.896729e+002	4.831704e+002	
3.746905e+002	3.325627e+002	3.263299e+002	
3.026501e+002	2.707750e+002	2.660533e+002	
5.496143e+002	5.092559e+002	5.029603e+002	
4.870355e+002	4.430025e+002	4.361345e+002	
4.807850e+002	4.393552e+002	4.328927e+002	
4.679919e+002	4.289001e+002	4.228026e+002	
4.572984e+002	4.269717e+002	4.222414e+002	
3.696781e+002	3.027999e+002	2.923683e+002	
3.368464e+002	2.764468e+002	2.670258e+002	
3.342001e+002	2.736646e+002	2.642223e+002	
3.321750e+002	2.723622e+002	2.630326e+002	
3.291403e+002	2.721233e+002	2.632299e+002	
4.776932e+002	4.397620e+002	4.339082e+002	
4.838067e+002	4.383474e+002	4.313144e+002	
4.954390e+002	4.493571e+002	4.422318e+002	
5.170333e+002	4.693656e+002	4.620038e+002	
6.166000e+002	5.737854e+002	5.671542e+002	
3.307972e+002	2.796443e+002	2.716738e+002	
3.339950e+002	2.831523e+002	2.752271e+002	
3.272971e+002	2.763567e+002	2.684149e+002	
3.324910e+002	2.814167e+002	2.734556e+002	
3.460405e+002	2.900208e+002	2.812945e+002	
6.061420e+002	5.999937e+002	5.990348e+002	
5.825895e+002	5.765146e+002	5.755671e+002	
5.797102e+002	5.737064e+002	5.727697e+002	
5.764625e+002	5.708121e+002	5.699307e+002	
5.739972e+002	5.697098e+002	5.690411e+002	
4.777421e+002	4.363069e+002	4.298438e+002	
4.431911e+002	4.085742e+002	4.031750e+002	
4.392636e+002	4.055127e+002	4.002484e+002	
4.397722e+002	4.070958e+002	4.019989e+002	
4.423182e+002	4.125186e+002	4.078704e+002	
4.080465e+002	3.373609e+002	3.264044e+002	
4.192575e+002	3.430138e+002	3.311803e+002	
4.199154e+002	3.423595e+002	3.303257e+002	
4.401797e+002	3.623473e+002	3.502652e+002	
5.414932e+002	4.633361e+002	4.511993e+002	
6.077111e+002	6.077111e+002	6.077111e+002	
6.036456e+002	6.036456e+002	6.036456e+002	
6.076315e+002	6.076315e+002	6.076315e+002	
6.046955e+002	6.046955e+002	6.046955e+002	
6.121011e+002	6.121011e+002	6.121011e+002	
6.077111e+002	6.077111e+002	6.077111e+002	
6.036456e+002	6.036456e+002	6.036456e+002	
6.076315e+002	6.076315e+002	6.076315e+002	
6.046955e+002	6.046955e+002	6.046955e+002	
6.121011e+002	6.121011e+002	6.121011e+002	
4.371641e+002	3.881847e+002	3.812874e+002	
5.868927e+002	5.308756e+002	5.228926e+002	
6.898552e+002	6.161882e+002	6.053183e+002	
7.661624e+002	6.637517e+002	6.481039e+002	
7.900726e+002	6.844428e+002	6.681845e+002	
5.272839e+002	4.936328e+002	4.887951e+002	
6.153618e+002	5.762123e+002	5.706306e+002	
6.832242e+002	6.278624e+002	6.196668e+002	
7.400956e+002	6.544711e+002	6.413630e+002	
7.710527e+002	6.864470e+002	6.734355e+002	
5.799011e+002	5.507518e+002	5.464904e+002	
6.308936e+002	5.960961e+002	5.909946e+002	
6.810341e+002	6.346357e+002	6.277390e+002	
7.213300e+002	6.557819e+002	6.457706e+002	
7.558763e+002	6.806328e+002	6.690800e+002	
6.196428e+002	5.178298e+002	5.020237e+002	
4.804518e+002	3.731884e+002	3.565750e+002	
3.715659e+002	2.732012e+002	2.580149e+002	
2.968867e+002	2.134707e+002	2.005992e+002	
2.290935e+002	1.633461e+002	1.532098e+002	
5.074625e+002	3.938578e+002	3.762070e+002	
3.665021e+002	2.647038e+002	2.489044e+002	
2.957058e+002	2.045087e+002	1.903941e+002	
2.462918e+002	1.702588e+002	1.584912e+002	
1.936339e+002	1.362364e+002	1.273681e+002	
1.523747e+001	3.568871e+000	1.748822e+000	
2.544448e+001	9.736917e+000	7.286870e+000	
3.652969e+001	1.450416e+001	1.106864e+001	
1.090770e+002	6.903508e+001	6.278937e+001	
4.198413e+002	3.337905e+002	3.203684e+002	
3.219048e+002	2.438253e+002	2.317000e+002	
1.213453e+002	9.748454e+001	9.378913e+001	
7.893340e+001	6.699228e+001	6.514626e+001	
6.722264e+001	5.733587e+001	5.581710e+001	
5.664093e+001	4.968195e+001	4.860565e+001	
2.307972e+002	1.583378e+002	1.470862e+002	
8.768631e+001	6.542057e+001	6.199952e+001	
6.364467e+001	5.454449e+001	5.317455e+001	
4.218842e+001	3.659828e+001	3.577743e+001	
3.697093e+001	3.350047e+001	3.299557e+001	
3.162575e+002	2.375685e+002	2.253321e+002	
7.879401e+001	4.466549e+001	3.936269e+001	
3.610345e+001	1.349927e+001	9.995813e+000	
2.643561e+001	9.229313e+000	6.555037e+000	
1.781431e+001	5.128865e+000	3.157719e+000	
3.221163e+002	2.712824e+002	2.637319e+002	
4.323572e+002	3.687831e+002	3.593120e+002	
5.217897e+002	4.429556e+002	4.311188e+002	
6.154836e+002	5.130049e+002	4.973570e+002	
7.393875e+002	6.362784e+002	6.204576e+002	
2.532071e+002	2.047924e+002	1.975853e+002	
3.260276e+002	2.638067e+002	2.545184e+002	
3.822268e+002	3.016443e+002	2.894771e+002	
4.636912e+002	3.591697e+002	3.432108e+002	
6.359460e+002	5.120054e+002	4.929290e+002	
6.213822e+002	5.440922e+002	5.320422e+002	
5.357303e+002	4.474261e+002	4.336599e+002	
4.508150e+002	3.646057e+002	3.511722e+002	
3.939375e+002	3.232005e+002	3.121754e+002	
3.555582e+002	3.027250e+002	2.944931e+002	
6.175505e+002	5.615326e+002	5.527966e+002	
5.637024e+002	4.975238e+002	4.872127e+002	
5.098911e+002	4.448402e+002	4.346977e+002	
4.771667e+002	4.249967e+002	4.168659e+002	
4.390331e+002	3.981165e+002	3.917382e+002	
6.252256e+002	5.755924e+002	5.678542e+002	
5.911503e+002	5.217493e+002	5.109361e+002	
5.514971e+002	4.811383e+002	4.701681e+002	
5.082584e+002	4.582552e+002	4.504590e+002	
4.742200e+002	4.352723e+002	4.291998e+002	
6.401699e+002	6.401699e+002	6.401699e+002	
6.396348e+002	6.396348e+002	6.396348e+002	
6.405223e+002	6.405223e+002	6.405223e+002	
6.421077e+002	6.421077e+002	6.421077e+002	
6.392432e+002	6.392432e+002	6.392432e+002	
6.432964e+002	6.432964e+002	6.432964e+002	
6.406926e+002	6.406926e+002	6.406926e+002	
6.406879e+002	6.406879e+002	6.406879e+002	
6.404482e+002	6.404482e+002	6.404482e+002	
6.425414e+002	6.425414e+002	6.425414e+002	
6.432964e+002	6.432964e+002	6.432964e+002	
6.406926e+002	6.406926e+002	6.406926e+002	
6.406879e+002	6.406879e+002	6.406879e+002	
6.435214e+002	6.435214e+002	6.435214e+002	
6.401630e+002	6.401630e+002	6.401630e+002	
3.303400e+002	2.711594e+002	2.620625e+002	
4.298457e+002	3.508478e+002	3.386854e+002	
5.155139e+002	4.245680e+002	4.105277e+002	
6.056659e+002	4.952415e+002	4.781372e+002	
7.088219e+002	6.015120e+002	5.848705e+002	
3.531348e+002	3.037302e+002	2.961775e+002	
4.565401e+002	3.904240e+002	3.803145e+002	
5.588715e+002	4.799428e+002	4.678038e+002	
6.470559e+002	5.526383e+002	5.380250e+002	
7.278039e+002	6.350400e+002	6.206680e+002	
6.592105e+002	5.583806e+002	5.432250e+002	
5.775376e+002	4.839356e+002	4.697974e+002	
5.178602e+002	4.437158e+002	4.325693e+002	
4.413351e+002	3.797577e+002	3.704576e+002	
3.609902e+002	3.151288e+002	3.082502e+002	
6.841672e+002	5.984874e+002	5.855359e+002	
6.039191e+002	5.202938e+002	5.076768e+002	
5.388792e+002	4.746598e+002	4.650592e+002	
4.533488e+002	3.995049e+002	3.914288e+002	
3.656928e+002	3.223780e+002	3.159120e+002	
2.163930e+002	1.725914e+002	1.658514e+002	
2.919877e+002	2.297725e+002	2.201423e+002	
3.832784e+002	2.987712e+002	2.856590e+002	
5.250967e+002	4.196216e+002	4.032267e+002	
7.005478e+002	5.980087e+002	5.821045e+002	
2.418237e+002	2.038142e+002	1.979762e+002	
3.346987e+002	2.785451e+002	2.698868e+002	
4.424625e+002	3.672769e+002	3.556761e+002	
5.760864e+002	4.800110e+002	4.651043e+002	
7.134356e+002	6.168901e+002	6.019046e+002	
6.005045e+002	4.851725e+002	4.674772e+002	
4.600290e+002	3.712903e+002	3.576447e+002	
3.800803e+002	3.174004e+002	3.078168e+002	
3.227016e+002	2.767489e+002	2.696984e+002	
2.671265e+002	2.339895e+002	2.289230e+002	
2.310723e+002	1.882968e+002	1.817849e+002	
3.043811e+002	2.450573e+002	2.360566e+002	
3.793540e+002	3.009722e+002	2.889804e+002	
5.174306e+002	4.194425e+002	4.043929e+002	
7.044291e+002	6.090732e+002	5.944043e+002	
2.023182e+002	1.611003e+002	1.548091e+002	
2.656932e+002	2.053595e+002	1.961326e+002	
3.512279e+002	2.667961e+002	2.538220e+002	
4.948072e+002	3.830477e+002	3.657887e+002	
7.011415e+002	5.945657e+002	5.781186e+002	
6.388727e+002	5.543261e+002	5.416207e+002	
5.326627e+002	4.399724e+002	4.260891e+002	
4.357523e+002	3.569111e+002	3.451704e+002	
3.684065e+002	3.058861e+002	2.966321e+002	
3.235129e+002	2.790672e+002	2.724911e+002	
6.346202e+002	5.725819e+002	5.632433e+002	
5.453838e+002	4.740774e+002	4.633391e+002	
4.866292e+002	4.224522e+002	4.128197e+002	
4.218097e+002	3.688029e+002	3.608502e+002	
3.919303e+002	3.518682e+002	3.458961e+002	
6.223101e+002	5.712043e+002	5.634641e+002	
5.699742e+002	5.131920e+002	5.045957e+002	
5.127548e+002	4.587603e+002	4.505971e+002	
4.694794e+002	4.236807e+002	4.167984e+002	
4.414945e+002	4.054861e+002	4.000760e+002	
5.518188e+002	5.166669e+002	5.111838e+002	
5.628047e+002	5.184796e+002	5.115655e+002	
5.747515e+002	5.273437e+002	5.199490e+002	
5.937365e+002	5.438933e+002	5.361187e+002	
6.401416e+002	5.982809e+002	5.917516e+002	
5.864140e+002	5.680259e+002	5.651573e+002	
5.952774e+002	5.703558e+002	5.664688e+002	
6.025997e+002	5.754549e+002	5.712211e+002	
6.177766e+002	5.915829e+002	5.874974e+002	
6.460272e+002	6.247977e+002	6.214863e+002	
2.733713e+002	1.820608e+002	1.678183e+002	
9.343989e+001	4.627526e+001	3.891862e+001	
5.829964e+001	1.852261e+001	1.231822e+001	
4.826334e+001	1.220867e+001	6.584902e+000	
4.284481e+001	1.163363e+001	6.765345e+000	
1.006954e+002	1.001504e+002	1.000699e+002	
1.040826e+002	1.024683e+002	1.022272e+002	
1.128998e+002	1.073187e+002	1.064573e+002	
1.499953e+002	1.285384e+002	1.251916e+002	
4.335030e+002	3.585774e+002	3.468969e+002	
8.780252e+001	8.713531e+001	8.705296e+001	
8.965192e+001	8.812891e+001	8.789848e+001	
9.890158e+001	9.357032e+001	9.274448e+001	
1.382525e+002	1.188137e+002	1.157864e+002	
3.444510e+002	2.734015e+002	2.623375e+002	
4.497404e+001	1.144208e+001	6.238078e+000	
5.264785e+001	1.469129e+001	8.807025e+000	
6.264438e+001	2.158920e+001	1.522501e+001	
1.165950e+002	6.297540e+001	5.464079e+001	
3.892778e+002	2.881356e+002	2.724341e+002	
6.191355e+002	5.544496e+002	5.448824e+002	
5.694551e+002	4.977347e+002	4.870122e+002	
5.317823e+002	4.597932e+002	4.489602e+002	
5.102628e+002	4.447355e+002	4.348694e+002	
4.812478e+002	4.307855e+002	4.231601e+002	
6.248539e+002	5.797292e+002	5.729473e+002	
5.914488e+002	5.375180e+002	5.294002e+002	
5.573447e+002	5.035226e+002	4.954045e+002	
5.248497e+002	4.769948e+002	4.697570e+002	
5.013504e+002	4.632802e+002	4.575095e+002	
6.220045e+002	6.184758e+002	6.179548e+002	
6.253049e+002	6.197434e+002	6.189160e+002	
6.255412e+002	6.199488e+002	6.191171e+002	
6.336479e+002	6.285488e+002	6.277858e+002	
6.361924e+002	6.317253e+002	6.310639e+002	
6.271225e+002	6.254619e+002	6.252176e+002	
6.345232e+002	6.320768e+002	6.317173e+002	
6.275969e+002	6.251649e+002	6.248072e+002	
6.302907e+002	6.277396e+002	6.273616e+002	
6.339410e+002	6.320361e+002	6.317531e+002	
6.258987e+002	6.245327e+002	6.243325e+002	
6.360998e+002	6.336473e+002	6.332869e+002	
6.266418e+002	6.248378e+002	6.245693e+002	
6.309532e+002	6.283993e+002	6.280210e+002	
6.318534e+002	6.307348e+002	6.305703e+002	
6.724931e+002	5.882305e+002	5.757275e+002	
5.746955e+002	4.812566e+002	4.674332e+002	
4.956591e+002	4.086637e+002	3.958308e+002	
4.243415e+002	3.495221e+002	3.384537e+002	
3.475390e+002	2.909139e+002	2.825115e+002	
6.809741e+002	6.013787e+002	5.893989e+002	
5.983115e+002	5.167721e+002	5.046458e+002	
5.293052e+002	4.550773e+002	4.440873e+002	
4.522160e+002	3.897010e+002	3.804599e+002	
3.847069e+002	3.364659e+002	3.292949e+002	
6.900710e+002	6.094124e+002	5.972725e+002	
6.079348e+002	5.336871e+002	5.225882e+002	
5.468224e+002	4.817143e+002	4.720713e+002	
4.717569e+002	4.158275e+002	4.075234e+002	
3.954622e+002	3.514666e+002	3.449152e+002	
6.202523e+002	5.225877e+002	5.075005e+002	
5.035252e+002	4.159732e+002	4.024958e+002	
4.360849e+002	3.763178e+002	3.671865e+002	
3.333909e+002	2.801989e+002	2.721210e+002	
2.524224e+002	2.106216e+002	2.042845e+002	
3.996674e+002	2.963830e+002	2.804201e+002	
3.364507e+002	2.503457e+002	2.370897e+002	
2.920492e+002	2.277775e+002	2.179362e+002	
2.138778e+002	1.570336e+002	1.483415e+002	
1.740765e+002	1.258945e+002	1.185533e+002	
2.411835e+002	1.813340e+002	1.722129e+002	
3.124786e+002	2.312346e+002	2.188512e+002	
3.924941e+002	2.975929e+002	2.831562e+002	
4.942614e+002	3.937973e+002	3.784862e+002	
6.507649e+002	5.584580e+002	5.444048e+002	
1.888327e+002	1.369664e+002	1.290323e+002	
2.247958e+002	1.578385e+002	1.475941e+002	
2.877494e+002	2.106502e+002	1.988170e+002	
3.181874e+002	2.326209e+002	2.194944e+002	
3.725291e+002	2.856647e+002	2.722988e+002	
7.573027e+002	6.261254e+002	6.058013e+002	
7.111324e+002	5.859266e+002	5.665694e+002	
5.750972e+002	5.316349e+002	5.251423e+002	
3.300826e+002	2.873758e+002	2.810203e+002	
2.106390e+002	1.797413e+002	1.751669e+002	
6.124173e+002	4.704010e+002	4.483514e+002	
5.520005e+002	4.253005e+002	4.056906e+002	
4.259227e+002	3.728346e+002	3.647433e+002	
2.469504e+002	1.998339e+002	1.927071e+002	
1.486515e+002	1.138191e+002	1.085452e+002	
2.177483e+002	1.733900e+002	1.666537e+002	
2.980383e+002	2.255872e+002	2.145216e+002	
3.964126e+002	2.889409e+002	2.725664e+002	
4.757929e+002	3.398484e+002	3.192956e+002	
5.994503e+002	4.633473e+002	4.427943e+002	
7.993092e+002	6.434918e+002	6.193268e+002	
7.976303e+002	6.330073e+002	6.074788e+002	
6.002904e+002	5.589940e+002	5.529217e+002	
2.849812e+002	2.428981e+002	2.366609e+002	
1.536401e+002	1.238381e+002	1.194268e+002	
8.004473e+002	6.444080e+002	6.202086e+002	
7.979051e+002	6.332255e+002	6.076880e+002	
5.974853e+002	5.514708e+002	5.447125e+002	
2.910143e+002	2.415582e+002	2.342302e+002	
1.567608e+002	1.211493e+002	1.158658e+002	
2.344075e+002	1.776732e+002	1.691877e+002	
3.203449e+002	2.403311e+002	2.284063e+002	
4.296577e+002	3.311320e+002	3.164702e+002	
5.752288e+002	4.637553e+002	4.471149e+002	
7.282100e+002	6.283251e+002	6.134373e+002	
2.404852e+002	1.895248e+002	1.818760e+002	
3.516818e+002	2.782581e+002	2.672595e+002	
4.770473e+002	3.814783e+002	3.671434e+002	
6.140088e+002	4.964367e+002	4.787476e+002	
7.413422e+002	6.332428e+002	6.169743e+002	
2.950159e+002	2.508498e+002	2.442048e+002	
4.222613e+002	3.576842e+002	3.480372e+002	
5.689641e+002	4.815371e+002	4.684172e+002	
6.791831e+002	5.647873e+002	5.474504e+002	
7.502028e+002	6.459594e+002	6.301589e+002	
6.363419e+002	5.351602e+002	5.197413e+002	
5.172718e+002	4.282375e+002	4.146514e+002	
4.243225e+002	3.537864e+002	3.431855e+002	
3.487421e+002	2.900696e+002	2.812223e+002	
2.868274e+002	2.419266e+002	2.352053e+002	
5.159328e+002	4.055769e+002	3.886028e+002	
3.791937e+002	2.856994e+002	2.713865e+002	
3.089026e+002	2.404180e+002	2.299857e+002	
2.622765e+002	2.064214e+002	1.979851e+002	
2.113803e+002	1.684942e+002	1.619911e+002	
1.702061e+001	4.830259e+000	2.928819e+000	
2.484383e+001	7.953837e+000	5.319354e+000	
4.021711e+001	1.744361e+001	1.389143e+001	
1.082754e+002	6.778265e+001	6.146793e+001	
4.240100e+002	3.388898e+002	3.256137e+002	
3.281731e+002	2.469844e+002	2.344207e+002	
1.271667e+002	9.907990e+001	9.479048e+001	
8.426782e+001	7.001376e+001	6.788478e+001	
6.735667e+001	5.722095e+001	5.571496e+001	
6.082588e+001	5.186818e+001	5.055685e+001	
2.220378e+002	1.545007e+002	1.439976e+002	
7.383450e+001	5.370910e+001	5.061433e+001	
5.346046e+001	4.372102e+001	4.223107e+001	
3.032606e+001	2.285315e+001	2.172755e+001	
1.994206e+001	1.559120e+001	1.493305e+001	
3.073407e+002	2.288364e+002	2.166342e+002	
7.068570e+001	3.771558e+001	3.259187e+001	
3.528785e+001	1.445004e+001	1.121234e+001	
2.377835e+001	7.977893e+000	5.520113e+000	
1.657152e+001	5.291994e+000	3.537770e+000	
2.647076e+002	2.087723e+002	2.003611e+002	
3.399078e+002	2.646075e+002	2.533269e+002	
4.251429e+002	3.389801e+002	3.260512e+002	
5.475235e+002	4.539028e+002	4.397852e+002	
6.984780e+002	6.114469e+002	5.983636e+002	
2.146562e+002	1.582913e+002	1.497890e+002	
2.731592e+002	2.021383e+002	1.913850e+002	
3.351942e+002	2.534505e+002	2.410696e+002	
4.173344e+002	3.218056e+002	3.073046e+002	
5.951472e+002	4.974824e+002	4.826405e+002	
6.949050e+002	5.809155e+002	5.636140e+002	
6.099646e+002	5.069540e+002	4.914554e+002	
4.975145e+002	4.213972e+002	4.101991e+002	
4.030700e+002	3.429814e+002	3.340954e+002	
2.997823e+002	2.512018e+002	2.440363e+002	
6.846984e+002	5.693862e+002	5.520046e+002	
5.778420e+002	4.712062e+002	4.552266e+002	
4.645086e+002	3.882752e+002	3.770102e+002	
3.724001e+002	3.123056e+002	3.034345e+002	
2.894757e+002	2.419510e+002	2.349386e+002	
6.805659e+002	5.722693e+002	5.559053e+002	
5.608318e+002	4.548452e+002	4.389504e+002	
4.506874e+002	3.727475e+002	3.612349e+002	
3.621869e+002	3.019997e+002	2.931215e+002	
2.867115e+002	2.396321e+002	2.327001e+002	
1.856552e+002	1.239211e+002	1.145564e+002	
2.588354e+002	1.721199e+002	1.589869e+002	
3.629013e+002	2.589616e+002	2.432258e+002	
5.133726e+002	4.016524e+002	3.848102e+002	
6.859316e+002	5.896750e+002	5.751299e+002	
1.853918e+002	1.297069e+002	1.212780e+002	
2.463857e+002	1.668987e+002	1.548341e+002	
3.478029e+002	2.491472e+002	2.342130e+002	
4.943486e+002	3.841563e+002	3.674918e+002	
6.788610e+002	5.830042e+002	5.684856e+002	
2.586704e+002	2.091710e+002	2.016740e+002	
3.113902e+002	2.402602e+002	2.294684e+002	
3.934423e+002	3.046350e+002	2.912081e+002	
5.250778e+002	4.247497e+002	4.095897e+002	
6.743970e+002	5.869935e+002	5.737306e+002	
