3.922874e+005	3.606432e+005	3.557073e+005	
4.407063e+005	3.834118e+005	3.744751e+005	
1.048820e+005	7.530041e+004	7.068626e+004	
1.644574e+005	9.270619e+004	8.151447e+004	
4.025937e+004	1.694079e+004	1.330358e+004	
8.122097e+004	3.565835e+004	2.855154e+004	
0.000000e+000	0.000000e+000	0.000000e+000	
8.930102e+001	2.019269e+001	9.413260e+000	
3.840644e+005	3.257958e+005	3.167072e+005	
3.127488e+005	2.652075e+005	2.577920e+005	
3.913776e+005	3.294949e+005	3.198424e+005	
3.052911e+005	2.544915e+005	2.465678e+005	
3.739225e+005	3.028679e+005	2.917848e+005	
3.114756e+005	2.580606e+005	2.497292e+005	
3.570183e+005	2.803896e+005	2.684371e+005	
2.850031e+005	2.255511e+005	2.162779e+005	
3.326060e+005	2.517452e+005	2.391327e+005	
2.589316e+005	1.982967e+005	1.888390e+005	
0.000000e+000	0.000000e+000	0.000000e+000	
0.000000e+000	0.000000e+000	0.000000e+000	
2.521317e+005	1.995008e+005	1.912916e+005	
3.136864e+005	2.392314e+005	2.276181e+005	
1.886929e+005	1.354571e+005	1.271535e+005	
2.675256e+005	1.841961e+005	1.711986e+005	
1.566404e+005	1.062840e+005	9.842954e+004	
2.149988e+005	1.332317e+005	1.204778e+005	
2.073326e+005	1.596846e+005	1.522525e+005	
2.677500e+005	1.952683e+005	1.839628e+005	
2.793743e+005	1.880213e+005	1.737722e+005	
2.292458e+005	1.761519e+005	1.678704e+005	
2.346023e+005	1.432628e+005	1.290158e+005	
1.694197e+005	1.163001e+005	1.080146e+005	
2.594586e+005	1.894070e+005	1.784805e+005	
2.061613e+005	1.629120e+005	1.561661e+005	
2.326277e+005	1.488038e+005	1.357292e+005	
1.793381e+005	1.282434e+005	1.202737e+005	
2.025545e+005	1.236671e+005	1.113623e+005	
1.396515e+005	8.740788e+004	7.925900e+004	
2.238315e+005	1.499371e+005	1.384110e+005	
1.726215e+005	1.231763e+005	1.154638e+005	
3.381885e+005	2.535290e+005	2.403241e+005	
3.938884e+005	2.851452e+005	2.681835e+005	
3.181333e+005	2.336837e+005	2.205114e+005	
3.896613e+005	2.815782e+005	2.647197e+005	
3.444015e+005	2.746029e+005	2.637159e+005	
3.970598e+005	3.094888e+005	2.958298e+005	
3.469168e+005	2.860647e+005	2.765731e+005	
3.885224e+005	3.122379e+005	3.003392e+005	
3.205003e+005	2.588683e+005	2.492550e+005	
3.761022e+005	3.022563e+005	2.907380e+005	
6.075664e+005	6.075664e+005	6.075664e+005	
6.143626e+005	6.143626e+005	6.143626e+005	
6.018048e+005	6.015575e+005	6.015189e+005	
6.182729e+005	6.180344e+005	6.179973e+005	
6.173139e+005	6.173139e+005	6.173139e+005	
6.149808e+005	6.149808e+005	6.149808e+005	
6.131883e+005	6.131883e+005	6.131883e+005	
6.141226e+005	6.141226e+005	6.141226e+005	
6.094361e+005	6.089274e+005	6.088481e+005	
6.147483e+005	6.147483e+005	6.147483e+005	
6.098258e+005	6.087180e+005	6.085452e+005	
6.016916e+005	6.006995e+005	6.005449e+005	
6.089136e+005	6.069584e+005	6.066535e+005	
6.062396e+005	6.048692e+005	6.046554e+005	
6.078141e+005	6.048169e+005	6.043496e+005	
6.079791e+005	6.064966e+005	6.062654e+005	
2.979012e+005	2.411352e+005	2.322810e+005	
3.562063e+005	2.844800e+005	2.732924e+005	
3.001095e+005	2.355283e+005	2.254550e+005	
3.613048e+005	2.805993e+005	2.680108e+005	
3.418819e+005	2.746770e+005	2.641945e+005	
3.896315e+005	3.042362e+005	2.909163e+005	
4.619369e+005	4.060412e+005	3.973226e+005	
4.880538e+005	4.160523e+005	4.048217e+005	
5.173899e+005	4.702805e+005	4.629323e+005	
5.527893e+005	4.928309e+005	4.834786e+005	
2.318173e+005	1.221662e+005	1.050629e+005	
1.591235e+005	8.857835e+004	7.757484e+004	
2.540186e+005	1.404126e+005	1.227076e+005	
1.770304e+005	1.067479e+005	9.579038e+004	
3.040989e+005	2.133375e+005	1.992368e+005	
2.352293e+005	1.743401e+005	1.648690e+005	
2.806736e+005	1.927742e+005	1.790931e+005	
2.169520e+005	1.579083e+005	1.487275e+005	
2.501465e+005	1.354500e+005	1.175598e+005	
1.658813e+005	9.787831e+004	8.727128e+004	
2.413245e+005	1.300406e+005	1.126827e+005	
1.622353e+005	9.261560e+004	8.175645e+004	
2.588158e+005	1.565379e+005	1.405847e+005	
1.822475e+005	1.130363e+005	1.022408e+005	
2.613882e+005	1.717082e+005	1.577201e+005	
1.965644e+005	1.322924e+005	1.222674e+005	
1.394425e+005	1.133073e+005	1.092308e+005	
1.657867e+005	1.291916e+005	1.234835e+005	
2.113740e+005	1.643243e+005	1.569856e+005	
2.751282e+005	2.106669e+005	2.006124e+005	
4.370354e+005	3.453590e+005	3.310593e+005	
6.917156e+005	6.082801e+005	5.952658e+005	
3.491063e+005	2.620348e+005	2.484535e+005	
1.822581e+005	1.351083e+005	1.277538e+005	
1.368561e+005	1.110908e+005	1.070720e+005	
1.219004e+005	1.055306e+005	1.029773e+005	
1.053471e+005	9.410020e+004	9.234590e+004	
1.055708e+005	9.866635e+004	9.758941e+004	
3.971261e+004	1.658037e+004	1.297278e+004	
5.242873e+004	2.042773e+004	1.543659e+004	
8.854502e+004	4.631790e+004	3.973220e+004	
1.564828e+005	9.717665e+004	8.793040e+004	
3.373813e+005	2.510633e+005	2.375998e+005	
6.397899e+005	5.444593e+005	5.295962e+005	
4.118219e+005	3.077600e+005	2.915740e+005	
1.804816e+005	1.205670e+005	1.112459e+005	
1.054617e+005	6.466645e+004	5.831383e+004	
7.381612e+004	4.203995e+004	3.709208e+004	
5.455763e+004	2.883671e+004	2.483380e+004	
3.280182e+004	1.439375e+004	1.153060e+004	
1.414555e+005	1.153935e+005	1.113283e+005	
1.632473e+005	1.271242e+005	1.214898e+005	
1.955342e+005	1.489340e+005	1.416653e+005	
2.734643e+005	2.093209e+005	1.993158e+005	
4.538103e+005	3.662020e+005	3.525369e+005	
6.907401e+005	6.162619e+005	6.046448e+005	
5.565987e+005	5.137849e+005	5.071065e+005	
4.242379e+005	3.825305e+005	3.760253e+005	
3.714998e+005	3.390376e+005	3.339742e+005	
3.464811e+005	3.209994e+005	3.170246e+005	
3.293306e+005	3.093011e+005	3.061768e+005	
3.205001e+005	3.062193e+005	3.039918e+005	
4.771640e+005	4.222306e+005	4.136622e+005	
3.275261e+005	2.864488e+005	2.800418e+005	
2.764604e+005	2.474206e+005	2.428912e+005	
2.625645e+005	2.385476e+005	2.348017e+005	
2.517269e+005	2.321470e+005	2.290928e+005	
2.435459e+005	2.274526e+005	2.249425e+005	
4.280097e+005	3.326766e+005	3.178258e+005	
2.548377e+005	1.970521e+005	1.880665e+005	
1.830583e+005	1.415514e+005	1.350923e+005	
1.534429e+005	1.205117e+005	1.153840e+005	
1.260308e+005	1.001949e+005	9.617291e+004	
1.082667e+005	8.926162e+004	8.630425e+004	
4.959881e+005	4.351714e+005	4.257528e+005	
3.671011e+005	3.162429e+005	3.083502e+005	
3.170122e+005	2.757766e+005	2.693839e+005	
2.984395e+005	2.628316e+005	2.573092e+005	
2.725625e+005	2.427412e+005	2.381159e+005	
2.626348e+005	2.407317e+005	2.373344e+005	
4.613303e+005	3.421770e+005	3.237954e+005	
2.170806e+005	1.198140e+005	1.047923e+005	
1.433975e+005	6.195568e+004	4.935038e+004	
1.097117e+005	3.936589e+004	2.846933e+004	
8.831502e+004	2.934589e+004	2.021326e+004	
5.971658e+004	1.827481e+004	1.185917e+004	
5.479543e+005	4.246859e+005	4.056149e+005	
2.949585e+005	1.776591e+005	1.595299e+005	
1.864039e+005	8.237845e+004	6.630013e+004	
1.493442e+005	5.770020e+004	4.351093e+004	
1.204289e+005	4.285456e+004	3.085836e+004	
8.336207e+004	2.929941e+004	2.094716e+004	
3.403830e+005	2.988410e+005	2.923734e+005	
3.802375e+005	3.260815e+005	3.176491e+005	
4.398475e+005	3.789971e+005	3.695207e+005	
5.151641e+005	4.512672e+005	4.413226e+005	
6.227756e+005	5.640444e+005	5.549030e+005	
7.018070e+005	6.527438e+005	6.451083e+005	
6.000803e+005	5.994254e+005	5.993234e+005	
6.023812e+005	6.018161e+005	6.017280e+005	
5.971026e+005	5.968681e+005	5.968315e+005	
5.992869e+005	5.989905e+005	5.989444e+005	
5.986757e+005	5.984121e+005	5.983710e+005	
5.955735e+005	5.952516e+005	5.952014e+005	
5.988613e+005	5.988613e+005	5.988613e+005	
5.980059e+005	5.980059e+005	5.980059e+005	
5.994031e+005	5.994031e+005	5.994031e+005	
5.972529e+005	5.971817e+005	5.971706e+005	
5.931058e+005	5.925833e+005	5.925018e+005	
5.963216e+005	5.961534e+005	5.961272e+005	
5.938066e+005	5.931585e+005	5.930574e+005	
5.982070e+005	5.980878e+005	5.980693e+005	
6.021417e+005	6.021417e+005	6.021417e+005	
6.036179e+005	6.034168e+005	6.033854e+005	
5.974124e+005	5.974124e+005	5.974124e+005	
6.013566e+005	6.013566e+005	6.013566e+005	
4.165385e+005	3.700678e+005	3.628614e+005	
4.651929e+005	4.052752e+005	3.959485e+005	
5.099005e+005	4.385333e+005	4.274137e+005	
5.777408e+005	4.986360e+005	4.863126e+005	
6.558291e+005	5.822760e+005	5.708238e+005	
7.010218e+005	6.377796e+005	6.279182e+005	
4.357225e+005	3.147256e+005	2.958599e+005	
2.843983e+005	1.802422e+005	1.640021e+005	
2.211198e+005	1.328689e+005	1.191176e+005	
1.820267e+005	1.060733e+005	9.424179e+004	
1.505988e+005	8.706653e+004	7.716409e+004	
1.210506e+005	7.627979e+004	6.930390e+004	
2.415361e+005	1.810325e+005	1.716519e+005	
2.874623e+005	2.106254e+005	1.986682e+005	
3.435904e+005	2.571484e+005	2.436953e+005	
4.114013e+005	3.165976e+005	3.018770e+005	
5.164061e+005	4.157196e+005	4.000383e+005	
6.835508e+005	5.887329e+005	5.739588e+005	
5.125323e+005	4.213577e+005	4.072518e+005	
3.757413e+005	3.026921e+005	2.914391e+005	
3.243252e+005	2.663641e+005	2.574042e+005	
3.073943e+005	2.588184e+005	2.513183e+005	
2.865171e+005	2.472325e+005	2.411741e+005	
2.652726e+005	2.368636e+005	2.325070e+005	
3.085729e+005	2.561212e+005	2.479666e+005	
3.700033e+005	2.989192e+005	2.878459e+005	
4.489420e+005	3.649456e+005	3.518553e+005	
5.352111e+005	4.393760e+005	4.244483e+005	
6.542934e+005	5.641551e+005	5.500974e+005	
7.218811e+005	6.396941e+005	6.268901e+005	
6.418813e+005	5.620228e+005	5.495665e+005	
5.131811e+005	4.266628e+005	4.131730e+005	
4.152445e+005	3.339336e+005	3.212633e+005	
3.394721e+005	2.722874e+005	2.618158e+005	
2.643607e+005	2.104953e+005	2.021133e+005	
2.196256e+005	1.749645e+005	1.680180e+005	
6.106150e+005	5.257191e+005	5.124795e+005	
4.505713e+005	3.655680e+005	3.523089e+005	
3.605798e+005	2.844395e+005	2.725666e+005	
2.912018e+005	2.263215e+005	2.162036e+005	
2.341647e+005	1.833044e+005	1.753816e+005	
1.984586e+005	1.577879e+005	1.514487e+005	
5.930153e+004	2.257043e+004	1.684115e+004	
8.361188e+004	3.531979e+004	2.778727e+004	
1.055679e+005	4.600356e+004	3.671277e+004	
1.534067e+005	7.630688e+004	6.428095e+004	
2.798306e+005	1.766916e+005	1.606041e+005	
6.256381e+005	5.134380e+005	4.959370e+005	
4.203293e+005	3.319444e+005	3.182029e+005	
2.453208e+005	1.888580e+005	1.800773e+005	
1.790066e+005	1.347152e+005	1.278140e+005	
1.462439e+005	1.106364e+005	1.050963e+005	
1.106394e+005	8.265105e+004	7.828801e+004	
9.553513e+004	7.331626e+004	6.985327e+004	
5.248542e+005	4.452745e+005	4.329350e+005	
3.787558e+005	3.088169e+005	2.979428e+005	
3.040998e+005	2.441033e+005	2.347795e+005	
2.603499e+005	2.107847e+005	2.030835e+005	
2.069820e+005	1.645829e+005	1.580033e+005	
1.861630e+005	1.522172e+005	1.469507e+005	
3.576238e+005	2.653418e+005	2.510289e+005	
2.149186e+005	1.591984e+005	1.505522e+005	
1.682982e+005	1.238233e+005	1.169206e+005	
1.321980e+005	9.527859e+004	8.954384e+004	
1.062895e+005	7.865905e+004	7.436812e+004	
8.967273e+004	6.691691e+004	6.337669e+004	
1.593079e+005	1.288415e+005	1.241784e+005	
1.938218e+005	1.535363e+005	1.473603e+005	
2.310594e+005	1.802363e+005	1.724225e+005	
3.046110e+005	2.411259e+005	2.313307e+005	
4.326123e+005	3.468846e+005	3.336426e+005	
6.410436e+005	5.407868e+005	5.252578e+005	
4.348196e+005	3.044886e+005	2.843578e+005	
2.044792e+005	1.036900e+005	8.823041e+004	
1.320244e+005	5.358025e+004	4.155324e+004	
1.005531e+005	3.829862e+004	2.875758e+004	
7.841231e+004	2.869846e+004	2.111279e+004	
5.442333e+004	2.033649e+004	1.513249e+004	
2.442301e+005	1.912075e+005	1.830129e+005	
3.036966e+005	2.361666e+005	2.257476e+005	
3.745338e+005	2.931211e+005	2.805592e+005	
4.703103e+005	3.774897e+005	3.631447e+005	
6.086058e+005	5.159476e+005	5.016292e+005	
7.141744e+005	6.362794e+005	6.242250e+005	
6.444953e+005	5.731486e+005	5.620317e+005	
5.073661e+005	4.307488e+005	4.187981e+005	
3.992329e+005	3.282599e+005	3.171996e+005	
3.267602e+005	2.660848e+005	2.566208e+005	
2.640168e+005	2.151924e+005	2.075808e+005	
2.328436e+005	1.957431e+005	1.899631e+005	
6.464489e+005	5.761554e+005	5.651915e+005	
5.135028e+005	4.348441e+005	4.225751e+005	
4.123458e+005	3.397557e+005	3.284393e+005	
3.304521e+005	2.667733e+005	2.568408e+005	
2.662961e+005	2.160332e+005	2.081932e+005	
2.318515e+005	1.925249e+005	1.863908e+005	
6.450954e+005	5.721562e+005	5.607811e+005	
5.286970e+005	4.476952e+005	4.350666e+005	
4.217961e+005	3.448198e+005	3.328132e+005	
3.366518e+005	2.714518e+005	2.612820e+005	
2.757658e+005	2.257547e+005	2.179540e+005	
2.308065e+005	1.893418e+005	1.828741e+005	
6.061559e+005	6.061559e+005	6.061559e+005	
6.035349e+005	6.035349e+005	6.035349e+005	
6.051830e+005	6.051830e+005	6.051830e+005	
6.025486e+005	6.025486e+005	6.025486e+005	
6.054741e+005	6.054741e+005	6.054741e+005	
6.013464e+005	6.013464e+005	6.013464e+005	
5.985756e+005	5.985756e+005	5.985756e+005	
5.981345e+005	5.981345e+005	5.981345e+005	
6.016342e+005	6.014798e+005	6.014557e+005	
5.952977e+005	5.952977e+005	5.952977e+005	
5.964100e+005	5.964100e+005	5.964100e+005	
5.964100e+005	5.964100e+005	5.964100e+005	
5.985756e+005	5.985756e+005	5.985756e+005	
5.981345e+005	5.981345e+005	5.981345e+005	
6.016488e+005	6.014944e+005	6.014703e+005	
6.044624e+005	6.044624e+005	6.044624e+005	
5.970258e+005	5.970258e+005	5.970258e+005	
5.970258e+005	5.970258e+005	5.970258e+005	
4.482135e+005	4.036716e+005	3.967701e+005	
4.820836e+005	4.256141e+005	4.168713e+005	
5.110532e+005	4.463453e+005	4.363264e+005	
5.598078e+005	4.939334e+005	4.837374e+005	
6.254851e+005	5.650512e+005	5.557039e+005	
6.815624e+005	6.320788e+005	6.244234e+005	
3.881355e+005	2.371918e+005	2.136502e+005	
2.321748e+005	9.509807e+004	7.371820e+004	
1.857588e+005	6.209007e+004	4.280314e+004	
1.624852e+005	4.823835e+004	3.042275e+004	
1.370020e+005	3.488888e+004	1.896227e+004	
1.035039e+005	2.750674e+004	1.565685e+004	
2.035915e+005	1.547890e+005	1.472408e+005	
2.434255e+005	1.855321e+005	1.765733e+005	
2.713099e+005	2.039750e+005	1.935532e+005	
3.234528e+005	2.517130e+005	2.406089e+005	
4.064171e+005	3.251976e+005	3.126146e+005	
5.966700e+005	5.069098e+005	4.929987e+005	
4.331187e+005	4.191329e+005	4.170091e+005	
4.547778e+005	4.371454e+005	4.344658e+005	
4.631949e+005	4.429075e+005	4.398114e+005	
5.036609e+005	4.788206e+005	4.750328e+005	
5.747231e+005	5.417556e+005	5.366879e+005	
6.895849e+005	6.528386e+005	6.471709e+005	
3.240033e+005	2.994758e+005	2.957436e+005	
3.427035e+005	3.112034e+005	3.063645e+005	
3.724213e+005	3.383573e+005	3.331271e+005	
4.160570e+005	3.753534e+005	3.690931e+005	
4.824469e+005	4.286258e+005	4.203168e+005	
6.587959e+005	5.924503e+005	5.821876e+005	
3.412052e+005	2.703696e+005	2.594286e+005	
2.467465e+005	1.947931e+005	1.868013e+005	
2.262915e+005	1.798916e+005	1.727693e+005	
2.085436e+005	1.696112e+005	1.636245e+005	
2.004298e+005	1.649988e+005	1.595541e+005	
1.857911e+005	1.553895e+005	1.506965e+005	
1.514467e+005	4.833837e+004	3.234353e+004	
1.707480e+005	5.911379e+004	4.183586e+004	
1.816838e+005	6.293591e+004	4.456373e+004	
2.070347e+005	8.085066e+004	6.131966e+004	
2.861068e+005	1.499460e+005	1.288674e+005	
6.087507e+005	4.770009e+005	4.566219e+005	
6.024903e+005	5.707568e+005	5.659706e+005	
5.527583e+005	5.158939e+005	5.103254e+005	
5.204348e+005	4.861899e+005	4.810246e+005	
5.029577e+005	4.718829e+005	4.671833e+005	
4.909722e+005	4.663266e+005	4.626005e+005	
4.757521e+005	4.572079e+005	4.543964e+005	
6.098631e+005	5.777413e+005	5.728966e+005	
5.818174e+005	5.430151e+005	5.371538e+005	
5.461529e+005	5.102158e+005	5.047952e+005	
5.233365e+005	4.910026e+005	4.861126e+005	
5.129200e+005	4.871727e+005	4.832801e+005	
5.013829e+005	4.818397e+005	4.788768e+005	
1.729065e+005	1.392362e+005	1.340805e+005	
2.045585e+005	1.579472e+005	1.508277e+005	
2.600716e+005	2.030973e+005	1.943613e+005	
3.485971e+005	2.774838e+005	2.665913e+005	
5.106241e+005	4.231140e+005	4.097066e+005	
6.800115e+005	6.033280e+005	5.915875e+005	
3.956677e+005	2.959038e+005	2.803748e+005	
1.938330e+005	1.276694e+005	1.173746e+005	
1.181995e+005	7.247959e+004	6.536052e+004	
8.760130e+004	5.267554e+004	4.723454e+004	
6.490146e+004	3.728809e+004	3.298344e+004	
4.932418e+004	2.965282e+004	2.658776e+004	
4.775793e+004	2.259001e+004	1.869540e+004	
7.207816e+004	3.784687e+004	3.255568e+004	
1.144814e+005	7.050596e+004	6.371262e+004	
1.873454e+005	1.254700e+005	1.159217e+005	
3.744611e+005	2.846146e+005	2.707153e+005	
6.513926e+005	5.603220e+005	5.462113e+005	
4.571276e+005	3.623229e+005	3.476525e+005	
2.431863e+005	1.872665e+005	1.786417e+005	
1.633949e+005	1.292234e+005	1.239805e+005	
1.382607e+005	1.159206e+005	1.125047e+005	
1.165838e+005	1.011726e+005	9.882173e+004	
1.186361e+005	1.089919e+005	1.075203e+005	
1.422512e+005	1.057438e+005	1.000637e+005	
1.647166e+005	1.170131e+005	1.096027e+005	
2.012853e+005	1.439486e+005	1.350499e+005	
2.607022e+005	1.898965e+005	1.789098e+005	
4.354990e+005	3.405089e+005	3.258330e+005	
6.755061e+005	5.883989e+005	5.749443e+005	
6.310298e+005	5.639955e+005	5.535394e+005	
5.300593e+005	4.560387e+005	4.444928e+005	
4.443689e+005	3.758217e+005	3.651297e+005	
3.831052e+005	3.253408e+005	3.163331e+005	
3.394593e+005	2.966192e+005	2.899371e+005	
3.039184e+005	2.714045e+005	2.663331e+005	
6.291099e+005	5.794903e+005	5.717507e+005	
5.680432e+005	5.122238e+005	5.035171e+005	
5.142132e+005	4.627650e+005	4.547402e+005	
4.712601e+005	4.284100e+005	4.217263e+005	
4.379266e+005	4.052210e+005	4.001196e+005	
4.228041e+005	3.983870e+005	3.945784e+005	
6.321846e+005	5.950867e+005	5.893004e+005	
5.864379e+005	5.428319e+005	5.360301e+005	
5.623636e+005	5.184629e+005	5.116151e+005	
5.243703e+005	4.871780e+005	4.813769e+005	
4.978903e+005	4.671831e+005	4.623934e+005	
4.844620e+005	4.605886e+005	4.568650e+005	
6.336706e+005	6.215944e+005	6.197108e+005	
6.343534e+005	6.192766e+005	6.169246e+005	
6.495263e+005	6.328908e+005	6.302968e+005	
6.524616e+005	6.345380e+005	6.317426e+005	
6.604589e+005	6.449533e+005	6.425348e+005	
6.718212e+005	6.560488e+005	6.535887e+005	
4.089002e+005	2.682713e+005	2.463363e+005	
2.556661e+005	1.255221e+005	1.052224e+005	
2.229342e+005	9.765924e+004	7.811905e+004	
2.093752e+005	8.771627e+004	6.874006e+004	
1.909718e+005	7.796765e+004	6.034136e+004	
1.497632e+005	6.922171e+004	5.665898e+004	
5.343960e+005	3.941847e+005	3.723147e+005	
3.375005e+005	1.834712e+005	1.594458e+005	
2.839266e+005	1.353468e+005	1.121716e+005	
2.671569e+005	1.238674e+005	1.015173e+005	
2.448340e+005	1.159594e+005	9.585771e+004	
1.929754e+005	1.034024e+005	8.943084e+004	
4.615209e+005	4.402408e+005	4.370815e+005	
4.661657e+005	4.404425e+005	4.365247e+005	
4.695883e+005	4.421761e+005	4.380125e+005	
4.832584e+005	4.516283e+005	4.468441e+005	
5.553035e+005	5.107752e+005	5.039293e+005	
7.095976e+005	6.668299e+005	6.602021e+005	
1.517510e+005	1.340594e+005	1.313485e+005	
1.537377e+005	1.326125e+005	1.293598e+005	
1.624765e+005	1.399025e+005	1.364043e+005	
1.702084e+005	1.425481e+005	1.382507e+005	
2.023184e+005	1.609158e+005	1.544808e+005	
4.715660e+005	3.868288e+005	3.736280e+005	
6.112610e+005	5.670779e+005	5.602806e+005	
5.520220e+005	5.030787e+005	4.955824e+005	
5.209756e+005	4.750388e+005	4.680292e+005	
5.074911e+005	4.640614e+005	4.574427e+005	
4.917292e+005	4.527349e+005	4.467801e+005	
4.760593e+005	4.488467e+005	4.446947e+005	
5.595908e+005	5.011576e+005	4.920893e+005	
4.692477e+005	4.184259e+005	4.105828e+005	
4.381598e+005	3.949345e+005	3.882735e+005	
4.198455e+005	3.782298e+005	3.718544e+005	
4.209086e+005	3.815061e+005	3.754332e+005	
4.117028e+005	3.796603e+005	3.747251e+005	
6.584742e+005	6.581597e+005	6.581107e+005	
6.593833e+005	6.590631e+005	6.590131e+005	
6.587035e+005	6.583139e+005	6.582530e+005	
6.560818e+005	6.550498e+005	6.548887e+005	
6.584541e+005	6.581071e+005	6.580529e+005	
6.584758e+005	6.580398e+005	6.579718e+005	
3.659351e+005	2.575040e+005	2.405910e+005	
2.914382e+005	1.897420e+005	1.738797e+005	
2.780027e+005	1.769900e+005	1.612341e+005	
2.791096e+005	1.780404e+005	1.622758e+005	
2.728349e+005	1.743801e+005	1.590233e+005	
2.534678e+005	1.738977e+005	1.614864e+005	
4.907159e+005	4.542966e+005	4.486479e+005	
4.889685e+005	4.502371e+005	4.442119e+005	
4.933595e+005	4.561343e+005	4.503424e+005	
4.936131e+005	4.556216e+005	4.496988e+005	
5.122932e+005	4.686770e+005	4.618999e+005	
6.284521e+005	5.804719e+005	5.730022e+005	
5.039733e+005	4.183105e+005	4.050352e+005	
4.338675e+005	3.569111e+005	3.449662e+005	
4.162868e+005	3.406087e+005	3.288599e+005	
4.171966e+005	3.409669e+005	3.291468e+005	
4.247480e+005	3.499456e+005	3.383526e+005	
3.963316e+005	3.361252e+005	3.268263e+005	
6.632545e+005	6.632545e+005	6.632545e+005	
6.557139e+005	6.557139e+005	6.557139e+005	
6.595278e+005	6.595278e+005	6.595278e+005	
6.636998e+005	6.636998e+005	6.636998e+005	
6.634319e+005	6.634319e+005	6.634319e+005	
6.634481e+005	6.634481e+005	6.634481e+005	
6.310592e+005	5.735509e+005	5.645809e+005	
5.499253e+005	4.864381e+005	4.765356e+005	
4.831718e+005	4.225515e+005	4.130960e+005	
4.474963e+005	3.964864e+005	3.885298e+005	
4.014451e+005	3.621808e+005	3.560564e+005	
3.797084e+005	3.500992e+005	3.454809e+005	
6.329911e+005	5.590319e+005	5.474961e+005	
5.192501e+005	4.394558e+005	4.270095e+005	
4.357704e+005	3.638683e+005	3.526532e+005	
3.617477e+005	3.011788e+005	2.917313e+005	
3.180684e+005	2.731287e+005	2.661190e+005	
2.883769e+005	2.550150e+005	2.498112e+005	
6.337793e+005	5.565196e+005	5.444689e+005	
4.979518e+005	4.131464e+005	3.999187e+005	
3.999588e+005	3.237647e+005	3.118800e+005	
3.253458e+005	2.611475e+005	2.511340e+005	
2.784478e+005	2.313413e+005	2.239936e+005	
2.421968e+005	2.071525e+005	2.016865e+005	
5.839226e+005	5.611800e+005	5.576329e+005	
6.014796e+005	5.701291e+005	5.652391e+005	
6.086386e+005	5.729414e+005	5.673736e+005	
6.234649e+005	5.876611e+005	5.820762e+005	
6.496220e+005	6.158960e+005	6.106356e+005	
6.857671e+005	6.586063e+005	6.543698e+005	
3.922556e+005	2.334659e+005	2.086980e+005	
2.590481e+005	1.059256e+005	8.204168e+004	
2.253816e+005	8.201668e+004	5.965479e+004	
2.079570e+005	6.704089e+004	4.506097e+004	
1.911734e+005	5.853380e+004	3.784478e+004	
1.440789e+005	4.689904e+004	3.174104e+004	
3.148716e+005	2.766850e+005	2.707656e+005	
3.315411e+005	2.843086e+005	2.769656e+005	
3.466054e+005	2.971185e+005	2.894102e+005	
3.728738e+005	3.193054e+005	3.109802e+005	
4.236648e+005	3.598228e+005	3.499099e+005	
6.033072e+005	5.291540e+005	5.175999e+005	
5.329311e+005	5.230153e+005	5.215211e+005	
5.295964e+005	5.185180e+005	5.168323e+005	
5.391526e+005	5.240466e+005	5.217489e+005	
5.462522e+005	5.295078e+005	5.269597e+005	
6.002950e+005	5.754472e+005	5.716022e+005	
7.023625e+005	6.735093e+005	6.690457e+005	
4.249104e+005	4.048094e+005	4.017376e+005	
4.413279e+005	4.186565e+005	4.151543e+005	
4.419595e+005	4.161289e+005	4.121237e+005	
4.472581e+005	4.175362e+005	4.129417e+005	
5.010022e+005	4.593211e+005	4.528725e+005	
6.732920e+005	6.190669e+005	6.106733e+005	
3.549409e+005	2.709687e+005	2.580225e+005	
2.522111e+005	1.861845e+005	1.760522e+005	
2.165816e+005	1.536900e+005	1.440790e+005	
1.917035e+005	1.344805e+005	1.257355e+005	
1.752079e+005	1.255675e+005	1.179624e+005	
1.566016e+005	1.185541e+005	1.127187e+005	
1.472946e+005	3.613775e+004	1.890855e+004	
1.736420e+005	4.817860e+004	2.875376e+004	
1.893068e+005	5.785291e+004	3.750531e+004	
2.137749e+005	7.537795e+004	5.396587e+004	
2.914533e+005	1.443881e+005	1.216282e+005	
6.047067e+005	4.631910e+005	4.413039e+005	
6.264351e+005	5.772193e+005	5.697265e+005	
5.878358e+005	5.293251e+005	5.204491e+005	
5.438405e+005	4.844631e+005	4.754616e+005	
5.206549e+005	4.662617e+005	4.580178e+005	
4.974636e+005	4.516635e+005	4.446978e+005	
4.752882e+005	4.387473e+005	4.331698e+005	
6.394703e+005	5.892304e+005	5.815817e+005	
6.185361e+005	5.569696e+005	5.476301e+005	
5.656338e+005	5.145641e+005	5.067708e+005	
5.550710e+005	4.970823e+005	4.882935e+005	
5.254549e+005	4.770778e+005	4.697202e+005	
5.018548e+005	4.632713e+005	4.573821e+005	
6.619678e+005	6.590666e+005	6.586334e+005	
6.571410e+005	6.542005e+005	6.537639e+005	
6.580397e+005	6.548265e+005	6.543526e+005	
6.631814e+005	6.598608e+005	6.593678e+005	
6.613834e+005	6.583056e+005	6.578476e+005	
6.639849e+005	6.621184e+005	6.618424e+005	
4.424293e+005	3.403625e+005	3.245124e+005	
3.241925e+005	2.255041e+005	2.101879e+005	
3.027349e+005	2.067351e+005	1.918532e+005	
2.883811e+005	1.931696e+005	1.784070e+005	
2.802377e+005	1.907900e+005	1.769068e+005	
2.491524e+005	1.826781e+005	1.723688e+005	
4.710426e+005	4.411066e+005	4.364782e+005	
4.779583e+005	4.454339e+005	4.404138e+005	
4.789735e+005	4.453048e+005	4.400998e+005	
4.837886e+005	4.470746e+005	4.413803e+005	
5.192082e+005	4.748918e+005	4.680044e+005	
6.559051e+005	6.131016e+005	6.064444e+005	
5.140820e+005	4.145205e+005	3.990738e+005	
4.189246e+005	3.288232e+005	3.148756e+005	
3.830527e+005	2.972018e+005	2.839064e+005	
3.822199e+005	2.983093e+005	2.853092e+005	
3.789172e+005	2.982341e+005	2.857450e+005	
3.544675e+005	2.927761e+005	2.832376e+005	
6.549484e+005	6.490948e+005	6.482319e+005	
6.473387e+005	6.391714e+005	6.379603e+005	
6.517313e+005	6.426131e+005	6.412669e+005	
6.541970e+005	6.455036e+005	6.442201e+005	
6.653143e+005	6.574062e+005	6.562339e+005	
6.707235e+005	6.641793e+005	6.632069e+005	
6.297724e+005	5.433773e+005	5.304246e+005	
4.985118e+005	3.986189e+005	3.836392e+005	
4.020054e+005	3.057218e+005	2.913076e+005	
3.267617e+005	2.425781e+005	2.299956e+005	
2.678888e+005	2.025355e+005	1.927978e+005	
2.389693e+005	1.886760e+005	1.811902e+005	
6.387504e+005	5.503339e+005	5.371275e+005	
5.134861e+005	4.054879e+005	3.893025e+005	
4.139752e+005	3.103727e+005	2.948827e+005	
3.467016e+005	2.563241e+005	2.427908e+005	
2.775490e+005	2.052239e+005	1.943686e+005	
2.437213e+005	1.884226e+005	1.801185e+005	
6.371309e+005	5.455293e+005	5.318725e+005	
5.126098e+005	4.023023e+005	3.858786e+005	
4.180787e+005	3.083054e+005	2.919375e+005	
3.395857e+005	2.406868e+005	2.259067e+005	
2.850811e+005	2.066310e+005	1.948465e+005	
2.406176e+005	1.799738e+005	1.708460e+005	
2.453495e+005	2.007619e+005	1.938855e+005	
3.125902e+005	2.539981e+005	2.449455e+005	
3.970824e+005	3.254549e+005	3.143931e+005	
4.978843e+005	4.176891e+005	4.052743e+005	
6.302834e+005	5.553581e+005	5.437554e+005	
7.009175e+005	6.329141e+005	6.223773e+005	
3.951501e+005	2.667017e+005	2.466665e+005	
1.973772e+005	9.767075e+004	8.211866e+004	
1.380323e+005	5.853860e+004	4.613929e+004	
1.007209e+005	3.892284e+004	2.928365e+004	
7.303612e+004	2.670936e+004	1.948338e+004	
4.637086e+004	1.572749e+004	1.094778e+004	
5.159270e+005	3.851589e+005	3.647618e+005	
2.697456e+005	1.484435e+005	1.295229e+005	
1.770606e+005	7.968368e+004	6.449495e+004	
1.265745e+005	4.986032e+004	3.789452e+004	
9.049328e+004	3.355810e+004	2.467742e+004	
5.832822e+004	2.182590e+004	1.613231e+004	
1.039518e+005	8.502995e+004	8.214434e+004	
1.363399e+005	1.107121e+005	1.067691e+005	
1.777607e+005	1.445211e+005	1.394138e+005	
2.288897e+005	1.843735e+005	1.775572e+005	
3.556815e+005	2.871503e+005	2.765574e+005	
6.547398e+005	5.682904e+005	5.548456e+005	
2.250914e+005	1.864334e+005	1.805174e+005	
2.827351e+005	2.344263e+005	2.270303e+005	
3.620536e+005	3.042322e+005	2.954007e+005	
4.471202e+005	3.783377e+005	3.677728e+005	
5.888115e+005	5.086925e+005	4.963613e+005	
7.196031e+005	6.448081e+005	6.332583e+005	
6.052601e+005	5.278306e+005	5.160978e+005	
4.638801e+005	3.837006e+005	3.715710e+005	
3.734688e+005	3.028877e+005	2.922233e+005	
2.927434e+005	2.342229e+005	2.254227e+005	
2.382737e+005	1.922595e+005	1.853382e+005	
1.901394e+005	1.532540e+005	1.477032e+005	
5.511391e+005	4.615131e+005	4.478209e+005	
4.030686e+005	3.273838e+005	3.158545e+005	
3.054239e+005	2.425879e+005	2.330650e+005	
2.441427e+005	1.926886e+005	1.848986e+005	
2.027484e+005	1.611891e+005	1.549327e+005	
1.644273e+005	1.311448e+005	1.261533e+005	
1.384154e+005	1.074143e+005	1.025900e+005	
1.896191e+005	1.459573e+005	1.391685e+005	
2.571912e+005	1.991606e+005	1.901407e+005	
3.591640e+005	2.851979e+005	2.736727e+005	
5.322398e+005	4.463772e+005	4.330054e+005	
6.984630e+005	6.223049e+005	6.104446e+005	
3.546196e+005	2.453480e+005	2.283042e+005	
1.935035e+005	1.178436e+005	1.060424e+005	
1.296466e+005	7.442396e+004	6.581035e+004	
9.626304e+004	5.411664e+004	4.754268e+004	
7.237102e+004	3.934159e+004	3.418968e+004	
5.470644e+004	3.146165e+004	2.783597e+004	
6.687478e+004	3.677938e+004	3.209446e+004	
9.863191e+004	5.679549e+004	5.028209e+004	
1.539537e+005	9.844780e+004	8.979648e+004	
2.500367e+005	1.765413e+005	1.650869e+005	
4.092957e+005	3.145937e+005	2.998361e+005	
6.390074e+005	5.416824e+005	5.265119e+005	
4.501033e+005	3.557524e+005	3.411389e+005	
2.857092e+005	2.238301e+005	2.142686e+005	
2.047289e+005	1.610681e+005	1.543274e+005	
1.688256e+005	1.388752e+005	1.342586e+005	
1.411638e+005	1.188308e+005	1.154014e+005	
1.252494e+005	1.088177e+005	1.062943e+005	
1.766500e+005	1.379347e+005	1.319115e+005	
2.160984e+005	1.643330e+005	1.562670e+005	
2.780916e+005	2.156462e+005	2.059125e+005	
3.661164e+005	2.880621e+005	2.758936e+005	
5.351964e+005	4.478297e+005	4.342091e+005	
6.994774e+005	6.190583e+005	6.065275e+005	
1.697155e+005	1.341616e+005	1.287158e+005	
2.134001e+005	1.625044e+005	1.547032e+005	
2.663980e+005	2.001581e+005	1.900088e+005	
3.579880e+005	2.735403e+005	2.606160e+005	
5.356700e+005	4.374102e+005	4.223613e+005	
7.221924e+005	6.398954e+005	6.273104e+005	
3.801887e+005	2.773289e+005	2.614397e+005	
2.175862e+005	1.478424e+005	1.371304e+005	
1.594486e+005	1.077881e+005	9.992930e+004	
1.156877e+005	7.748968e+004	7.169353e+004	
9.120123e+004	6.250818e+004	5.816720e+004	
6.909026e+004	4.606206e+004	4.259415e+004	
6.378145e+004	3.708996e+004	3.301132e+004	
9.263372e+004	5.386543e+004	4.793448e+004	
1.353511e+005	7.962322e+004	7.108625e+004	
2.297806e+005	1.582173e+005	1.472408e+005	
3.914310e+005	2.983097e+005	2.840333e+005	
6.584681e+005	5.631638e+005	5.484948e+005	
4.376661e+005	3.271398e+005	3.100012e+005	
2.301285e+005	1.579386e+005	1.467626e+005	
1.442887e+005	9.425048e+004	8.648588e+004	
9.289841e+004	5.570699e+004	4.995234e+004	
6.818934e+004	4.099093e+004	3.676690e+004	
4.843900e+004	2.929674e+004	2.632712e+004	
1.254015e+005	8.350045e+004	7.713114e+004	
1.730090e+005	1.157940e+005	1.070920e+005	
2.493449e+005	1.750754e+005	1.637907e+005	
3.593214e+005	2.702371e+005	2.566634e+005	
5.546607e+005	4.591112e+005	4.445503e+005	
7.235005e+005	6.418633e+005	6.294649e+005	
5.778246e+005	5.013953e+005	4.897090e+005	
4.002721e+005	3.211474e+005	3.090803e+005	
2.975790e+005	2.254447e+005	2.145041e+005	
2.316948e+005	1.722578e+005	1.632779e+005	
1.808591e+005	1.347533e+005	1.277698e+005	
1.553260e+005	1.183345e+005	1.127563e+005	
4.925081e+005	4.081883e+005	3.952135e+005	
3.096140e+005	2.378551e+005	2.268930e+005	
2.268028e+005	1.681377e+005	1.592253e+005	
1.690239e+005	1.220048e+005	1.148800e+005	
1.287281e+005	9.170055e+004	8.609874e+004	
1.148627e+005	8.463127e+004	8.008781e+004	
4.297576e+005	3.333816e+005	3.184440e+005	
2.558557e+005	1.983466e+005	1.894974e+005	
1.856975e+005	1.453952e+005	1.392238e+005	
1.472776e+005	1.171918e+005	1.125955e+005	
1.156239e+005	9.207596e+004	8.849077e+004	
9.556390e+004	7.793027e+004	7.524397e+004	
5.183718e+005	4.306322e+005	4.172582e+005	
3.668200e+005	2.890438e+005	2.772330e+005	
2.868757e+005	2.224801e+005	2.127688e+005	
2.207245e+005	1.649390e+005	1.565280e+005	
1.708350e+005	1.260662e+005	1.193462e+005	
1.462557e+005	1.107553e+005	1.054284e+005	
4.605972e+005	3.449154e+005	3.270836e+005	
2.165561e+005	1.278248e+005	1.141333e+005	
1.384315e+005	7.203710e+004	6.181325e+004	
9.006077e+004	3.846833e+004	3.053073e+004	
6.648148e+004	2.792938e+004	2.201275e+004	
4.110813e+004	1.542551e+004	1.150838e+004	
1.853918e+005	1.258595e+005	1.166008e+005	
1.236515e+005	7.746563e+004	7.029809e+004	
8.063589e+004	4.392736e+004	3.823504e+004	
5.239282e+004	2.942700e+004	2.587978e+004	
3.717534e+004	1.861249e+004	1.573812e+004	
2.555144e+004	1.308696e+004	1.115614e+004	
2.203102e+005	1.736321e+005	1.665837e+005	
2.901576e+005	2.296118e+005	2.204627e+005	
3.684846e+005	2.945668e+005	2.833634e+005	
4.804298e+005	3.987006e+005	3.863036e+005	
6.329441e+005	5.551453e+005	5.433229e+005	
7.218069e+005	6.530074e+005	6.425765e+005	
6.211583e+005	5.601639e+005	5.508188e+005	
5.270559e+005	4.559990e+005	4.451022e+005	
4.299574e+005	3.608017e+005	3.502213e+005	
3.577466e+005	2.970597e+005	2.877639e+005	
2.904819e+005	2.418421e+005	2.344110e+005	
2.653384e+005	2.266017e+005	2.206810e+005	
6.244499e+005	5.614158e+005	5.517564e+005	
5.295987e+005	4.602233e+005	4.495976e+005	
4.455435e+005	3.769826e+005	3.665085e+005	
3.616793e+005	3.000450e+005	2.906472e+005	
3.060588e+005	2.566847e+005	2.491319e+005	
2.736306e+005	2.332005e+005	2.270325e+005	
6.241973e+005	5.611316e+005	5.515087e+005	
5.363068e+005	4.648488e+005	4.539682e+005	
4.548078e+005	3.849411e+005	3.743058e+005	
3.753294e+005	3.142153e+005	3.049282e+005	
3.224183e+005	2.729144e+005	2.653838e+005	
2.874689e+005	2.473950e+005	2.413123e+005	
1.953189e+005	1.551646e+005	1.490373e+005	
3.764789e+005	3.182090e+005	3.092797e+005	
5.391697e+005	4.145050e+005	3.951245e+005	
6.609491e+005	5.142803e+005	4.914238e+005	
7.382144e+005	6.117949e+005	5.920876e+005	
7.615622e+005	6.513629e+005	6.341745e+005	
4.594680e+005	3.266039e+005	3.058861e+005	
3.263899e+005	2.013447e+005	1.818555e+005	
2.550001e+005	1.474579e+005	1.307048e+005	
1.875139e+005	1.127584e+005	1.011562e+005	
1.295406e+005	8.283194e+004	7.560204e+004	
8.908560e+004	6.091220e+004	5.656790e+004	
1.864369e+005	1.567405e+005	1.522356e+005	
3.147777e+005	2.661285e+005	2.586897e+005	
4.419836e+005	3.418820e+005	3.263631e+005	
5.309467e+005	4.023085e+005	3.823096e+005	
6.003819e+005	4.674487e+005	4.467430e+005	
7.351468e+005	6.121995e+005	5.930298e+005	
5.318290e+005	4.092735e+005	3.903364e+005	
3.856126e+005	2.743854e+005	2.571447e+005	
3.016489e+005	2.026551e+005	1.873159e+005	
2.307209e+005	1.557349e+005	1.441198e+005	
1.540042e+005	1.035186e+005	9.571665e+004	
1.039699e+005	7.205899e+004	6.713955e+004	
1.917155e+005	1.545987e+005	1.489702e+005	
4.040046e+005	3.506512e+005	3.425747e+005	
6.196756e+005	4.765389e+005	4.542768e+005	
7.154398e+005	5.570235e+005	5.323329e+005	
7.649123e+005	6.332202e+005	6.126826e+005	
8.135613e+005	6.734935e+005	6.516497e+005	
6.535404e+005	5.790056e+005	5.673856e+005	
5.443936e+005	4.631893e+005	4.505329e+005	
4.431388e+005	3.620801e+005	3.494479e+005	
3.669816e+005	2.999575e+005	2.895224e+005	
2.776724e+005	2.243121e+005	2.160125e+005	
2.260924e+005	1.833589e+005	1.767057e+005	
6.719097e+005	5.996488e+005	5.883833e+005	
5.949547e+005	5.114568e+005	4.984392e+005	
4.920506e+005	4.052031e+005	3.916815e+005	
3.884197e+005	3.233216e+005	3.132084e+005	
2.922889e+005	2.399066e+005	2.317828e+005	
2.373022e+005	1.944321e+005	1.877787e+005	
6.432715e+004	2.087652e+004	1.409916e+004	
8.810534e+004	2.986277e+004	2.077816e+004	
1.178432e+005	4.576337e+004	3.452050e+004	
1.623073e+005	7.339803e+004	5.953010e+004	
2.852543e+005	1.721081e+005	1.544597e+005	
6.383093e+005	5.215719e+005	5.033633e+005	
4.293997e+005	3.371823e+005	3.228597e+005	
2.588635e+005	1.945466e+005	1.845338e+005	
1.957612e+005	1.403418e+005	1.317179e+005	
1.486024e+005	1.019962e+005	9.474101e+004	
1.163047e+005	8.001139e+004	7.436644e+004	
1.026849e+005	7.576090e+004	7.157021e+004	
5.282443e+005	4.499238e+005	4.377401e+005	
3.930039e+005	3.252855e+005	3.147422e+005	
3.308097e+005	2.739631e+005	2.651259e+005	
2.619727e+005	2.149471e+005	2.076453e+005	
2.259634e+005	1.882637e+005	1.824101e+005	
1.878162e+005	1.572446e+005	1.525013e+005	
4.843352e+005	3.894089e+005	3.746658e+005	
3.564136e+005	2.861730e+005	2.752780e+005	
2.945738e+005	2.382383e+005	2.295124e+005	
2.428361e+005	2.001026e+005	1.935086e+005	
1.997040e+005	1.650179e+005	1.596595e+005	
1.707600e+005	1.431001e+005	1.388191e+005	
1.789226e+005	1.489709e+005	1.443866e+005	
2.281461e+005	1.864948e+005	1.800864e+005	
2.819429e+005	2.217668e+005	2.125162e+005	
3.461522e+005	2.667682e+005	2.545504e+005	
4.659745e+005	3.650342e+005	3.494618e+005	
6.682504e+005	5.571350e+005	5.399358e+005	
4.356805e+005	2.959113e+005	2.744214e+005	
2.251948e+005	1.128080e+005	9.546828e+004	
1.594394e+005	6.677535e+004	5.250975e+004	
1.234766e+005	4.939180e+004	3.794724e+004	
9.684713e+004	3.828322e+004	2.927336e+004	
6.613645e+004	2.636116e+004	2.025923e+004	
3.103691e+005	2.707751e+005	2.646779e+005	
3.901243e+005	3.351615e+005	3.267343e+005	
4.756261e+005	4.021192e+005	3.908262e+005	
5.563981e+005	4.621058e+005	4.475986e+005	
6.648241e+005	5.667570e+005	5.516874e+005	
7.354853e+005	6.458483e+005	6.320498e+005	
6.610731e+005	5.910938e+005	5.801786e+005	
5.316576e+005	4.541038e+005	4.420070e+005	
4.118203e+005	3.348791e+005	3.228780e+005	
3.305315e+005	2.619594e+005	2.512636e+005	
2.731277e+005	2.213273e+005	2.132476e+005	
2.370924e+005	1.965293e+005	1.902023e+005	
6.776198e+005	5.999667e+005	5.878540e+005	
5.429525e+005	4.585420e+005	4.453756e+005	
4.205296e+005	3.350714e+005	3.217416e+005	
3.205848e+005	2.455603e+005	2.338581e+005	
2.458735e+005	1.871914e+005	1.780383e+005	
2.078891e+005	1.637084e+005	1.568171e+005	
6.877006e+005	6.088923e+005	5.965994e+005	
5.570057e+005	4.748507e+005	4.620363e+005	
4.260544e+005	3.414278e+005	3.282279e+005	
3.266996e+005	2.508531e+005	2.390226e+005	
2.527126e+005	1.931433e+005	1.838517e+005	
2.167031e+005	1.711159e+005	1.640082e+005	
2.810413e+005	2.244928e+005	2.157781e+005	
3.605245e+005	2.905846e+005	2.798212e+005	
6.349262e+005	4.932958e+005	4.713851e+005	
7.001188e+005	5.658159e+005	5.450518e+005	
7.607081e+005	6.494056e+005	6.321829e+005	
7.869158e+005	6.836408e+005	6.676952e+005	
4.471974e+005	2.997225e+005	2.767789e+005	
3.617100e+005	2.106321e+005	1.871307e+005	
3.369139e+005	1.786077e+005	1.539589e+005	
0.000000e+000	0.000000e+000	0.000000e+000	
0.000000e+000	0.000000e+000	0.000000e+000	
0.000000e+000	0.000000e+000	0.000000e+000	
0.000000e+000	0.000000e+000	0.000000e+000	
0.000000e+000	0.000000e+000	0.000000e+000	
5.344759e+005	3.802806e+005	3.564024e+005	
5.464815e+005	4.095565e+005	3.883765e+005	
5.730428e+005	4.488932e+005	4.296674e+005	
7.153169e+005	5.944438e+005	5.757528e+005	
4.974865e+005	3.758643e+005	3.570148e+005	
3.688851e+005	2.619032e+005	2.453423e+005	
3.281214e+005	2.156260e+005	1.981983e+005	
1.703710e+001	3.852418e+000	1.795888e+000	
0.000000e+000	0.000000e+000	0.000000e+000	
0.000000e+000	0.000000e+000	0.000000e+000	
0.000000e+000	0.000000e+000	0.000000e+000	
0.000000e+000	0.000000e+000	0.000000e+000	
7.671895e+005	5.455093e+005	5.110766e+005	
7.640883e+005	5.911569e+005	5.643587e+005	
7.840534e+005	6.492548e+005	6.284131e+005	
8.014026e+005	6.885601e+005	6.711319e+005	
6.160524e+005	5.034920e+005	4.859651e+005	
4.707214e+005	3.370573e+005	3.162608e+005	
3.894940e+005	2.444551e+005	2.218613e+005	
2.084458e+005	1.567751e+005	1.487285e+005	
8.002505e+004	5.288616e+004	4.866789e+004	
6.193459e+004	4.502271e+004	4.238918e+004	
5.311267e+005	4.163877e+005	3.985273e+005	
3.600793e+005	2.467918e+005	2.291556e+005	
2.855098e+005	1.832923e+005	1.673789e+005	
1.875027e+005	1.318278e+005	1.231757e+005	
1.037716e+005	7.181890e+004	6.685443e+004	
7.485745e+004	5.482619e+004	5.171293e+004	
4.859841e+005	3.575036e+005	3.375908e+005	
3.381536e+005	2.413304e+005	2.263619e+005	
2.826161e+005	2.054166e+005	1.934897e+005	
1.993675e+005	1.683140e+005	1.635534e+005	
9.891378e+004	8.612066e+004	8.413391e+004	
5.362757e+004	4.649998e+004	4.539417e+004	
5.836581e+005	4.503954e+005	4.298355e+005	
4.730822e+005	3.344579e+005	3.130801e+005	
4.043428e+005	2.767099e+005	2.569919e+005	
2.632620e+005	2.109740e+005	2.029590e+005	
1.275453e+005	1.007527e+005	9.660029e+004	
7.662924e+004	5.973676e+004	5.713176e+004	
4.785303e+005	3.550113e+005	3.360809e+005	
2.551314e+005	1.506562e+005	1.347028e+005	
1.883713e+005	1.034115e+005	9.035330e+004	
1.332132e+005	7.308562e+004	6.380348e+004	
6.614629e+004	3.295808e+004	2.781461e+004	
3.705400e+004	2.150298e+004	1.909938e+004	
1.938499e+005	1.302291e+005	1.203575e+005	
1.471939e+005	8.571770e+004	7.619070e+004	
1.151060e+005	6.490468e+004	5.711586e+004	
9.228566e+004	5.363680e+004	4.763975e+004	
4.861160e+004	2.659185e+004	2.316480e+004	
2.684791e+004	1.430141e+004	1.235545e+004	
1.248475e+005	6.940203e+004	6.081614e+004	
3.529882e+005	2.883418e+005	2.783630e+005	
6.308060e+005	4.623467e+005	4.362467e+005	
7.048643e+005	5.348759e+005	5.085276e+005	
7.648188e+005	6.236949e+005	6.018723e+005	
8.017972e+005	6.786436e+005	6.596024e+005	
6.204641e+005	5.835931e+005	5.778466e+005	
5.802692e+005	5.402496e+005	5.340128e+005	
5.425580e+005	5.020302e+005	4.957098e+005	
5.138578e+005	4.759801e+005	4.700781e+005	
4.888956e+005	4.574774e+005	4.525839e+005	
4.738543e+005	4.473969e+005	4.432723e+005	
6.206667e+005	5.720762e+005	5.645033e+005	
5.646271e+005	5.110593e+005	5.027038e+005	
5.192018e+005	4.631135e+005	4.543658e+005	
4.882624e+005	4.392955e+005	4.316605e+005	
4.438235e+005	4.038933e+005	3.976672e+005	
4.313392e+005	4.008127e+005	3.960528e+005	
6.221504e+005	5.579113e+005	5.479045e+005	
5.522313e+005	4.762664e+005	4.644263e+005	
5.016697e+005	4.251386e+005	4.132089e+005	
4.471322e+005	3.808911e+005	3.705719e+005	
3.995636e+005	3.458438e+005	3.374768e+005	
3.685862e+005	3.288130e+005	3.226187e+005	
6.487750e+005	6.480794e+005	6.479709e+005	
6.424848e+005	6.423043e+005	6.422761e+005	
6.393582e+005	6.390064e+005	6.389515e+005	
6.407963e+005	6.405708e+005	6.405356e+005	
6.450203e+005	6.442016e+005	6.440739e+005	
6.354223e+005	6.352437e+005	6.352158e+005	
4.223353e+005	3.221737e+005	3.065506e+005	
3.193142e+005	2.235129e+005	2.085700e+005	
2.859134e+005	1.923738e+005	1.777836e+005	
2.744223e+005	1.817868e+005	1.673377e+005	
2.725872e+005	1.828697e+005	1.688756e+005	
2.383808e+005	1.702676e+005	1.596433e+005	
4.771901e+005	4.444163e+005	4.393649e+005	
4.920866e+005	4.570092e+005	4.515796e+005	
4.807106e+005	4.445182e+005	4.389163e+005	
4.893066e+005	4.512746e+005	4.453730e+005	
5.201360e+005	4.750607e+005	4.680572e+005	
6.381953e+005	5.943839e+005	5.875686e+005	
5.119901e+005	4.223555e+005	4.084581e+005	
4.113308e+005	3.292728e+005	3.165419e+005	
3.932646e+005	3.148813e+005	3.027271e+005	
3.870208e+005	3.100798e+005	2.981421e+005	
3.831989e+005	3.079318e+005	2.962715e+005	
3.539708e+005	2.971954e+005	2.884196e+005	
6.408409e+005	6.406556e+005	6.406266e+005	
6.311807e+005	6.308114e+005	6.307538e+005	
6.437624e+005	6.426623e+005	6.424907e+005	
6.397516e+005	6.391682e+005	6.390773e+005	
6.404306e+005	6.402358e+005	6.402054e+005	
6.361218e+005	6.355076e+005	6.354118e+005	
6.161651e+005	5.502536e+005	5.399726e+005	
5.108196e+005	4.360003e+005	4.243300e+005	
4.247459e+005	3.489934e+005	3.371777e+005	
3.801469e+005	3.111798e+005	3.004223e+005	
3.247829e+005	2.669333e+005	2.579099e+005	
2.910161e+005	2.449231e+005	2.377337e+005	
6.318775e+005	5.807310e+005	5.727534e+005	
5.500714e+005	4.869375e+005	4.770899e+005	
4.765268e+005	4.138642e+005	4.040902e+005	
4.085884e+005	3.506163e+005	3.415739e+005	
3.612932e+005	3.130189e+005	3.054892e+005	
3.344427e+005	2.948338e+005	2.886556e+005	
8.668844e+004	2.692307e+004	1.760093e+004	
1.063165e+005	3.367888e+004	2.234893e+004	
1.285708e+005	4.908648e+004	3.668859e+004	
1.658332e+005	7.555870e+004	6.147782e+004	
2.861115e+005	1.740147e+005	1.565300e+005	
6.323276e+005	5.153500e+005	4.971038e+005	
4.299982e+005	3.265273e+005	3.104252e+005	
2.469115e+005	1.671859e+005	1.547718e+005	
1.872480e+005	1.167217e+005	1.057412e+005	
1.478080e+005	8.368241e+004	7.369400e+004	
1.198638e+005	6.825831e+004	6.021643e+004	
9.561145e+004	5.510881e+004	4.879698e+004	
5.060103e+005	4.577123e+005	4.502461e+005	
3.922945e+005	3.521451e+005	3.459162e+005	
3.612097e+005	3.284900e+005	3.234257e+005	
3.401611e+005	3.108185e+005	3.062727e+005	
3.218304e+005	2.974959e+005	2.937259e+005	
3.097758e+005	2.895172e+005	2.863753e+005	
3.583219e+005	2.701232e+005	2.564796e+005	
2.231197e+005	1.728363e+005	1.650425e+005	
1.829175e+005	1.433190e+005	1.371684e+005	
1.616326e+005	1.268139e+005	1.214172e+005	
1.361627e+005	1.073349e+005	1.028681e+005	
1.248084e+005	1.024918e+005	9.902491e+004	
2.735790e+005	2.484832e+005	2.446968e+005	
2.874255e+005	2.565486e+005	2.518830e+005	
3.017984e+005	2.651797e+005	2.596608e+005	
3.396524e+005	2.943912e+005	2.875414e+005	
4.308912e+005	3.688096e+005	3.592771e+005	
6.253912e+005	5.514201e+005	5.399838e+005	
4.317194e+005	2.962434e+005	2.752890e+005	
2.312759e+005	1.145126e+005	9.652078e+004	
1.789941e+005	7.702566e+004	6.130215e+004	
1.552876e+005	6.082024e+004	4.625942e+004	
1.429988e+005	5.519092e+004	4.161836e+004	
1.168894e+005	5.037013e+004	4.008227e+004	
4.714498e+005	4.478891e+005	4.443752e+005	
4.920631e+005	4.616827e+005	4.571178e+005	
5.007220e+005	4.636831e+005	4.580934e+005	
5.401027e+005	4.982965e+005	4.919627e+005	
6.129517e+005	5.718108e+005	5.655878e+005	
6.622893e+005	6.296319e+005	6.246648e+005	
6.719772e+005	5.960896e+005	5.842645e+005	
5.569314e+005	4.727062e+005	4.595903e+005	
4.434013e+005	3.590263e+005	3.458801e+005	
3.639984e+005	2.918440e+005	2.806044e+005	
3.063105e+005	2.498168e+005	2.410130e+005	
2.608044e+005	2.172249e+005	2.104396e+005	
6.572419e+005	5.722655e+005	5.590156e+005	
5.442306e+005	4.509943e+005	4.364588e+005	
4.411323e+005	3.497230e+005	3.354723e+005	
3.638999e+005	2.843656e+005	2.719668e+005	
2.854778e+005	2.230608e+005	2.133467e+005	
2.486043e+005	2.016628e+005	1.943592e+005	
6.498343e+005	5.659395e+005	5.528535e+005	
5.229964e+005	4.241531e+005	4.087355e+005	
4.046072e+005	3.085050e+005	2.935151e+005	
3.354408e+005	2.510265e+005	2.378596e+005	
2.701765e+005	2.023039e+005	1.917173e+005	
2.250345e+005	1.752044e+005	1.674319e+005	
1.655738e+005	1.292036e+005	1.236557e+005	
2.571488e+005	2.036088e+005	1.954330e+005	
3.419986e+005	2.617526e+005	2.494128e+005	
4.467042e+005	3.361393e+005	3.190850e+005	
5.931894e+005	4.688586e+005	4.496049e+005	
7.539009e+005	6.496705e+005	6.335458e+005	
3.564472e+005	2.580379e+005	2.426879e+005	
1.987775e+005	1.366240e+005	1.269293e+005	
1.579622e+005	1.155737e+005	1.089620e+005	
1.324828e+005	9.952936e+004	9.438928e+004	
1.157519e+005	9.182846e+004	8.809701e+004	
1.043339e+005	8.931723e+004	8.697497e+004	
5.881516e+004	2.224300e+004	1.655108e+004	
8.744184e+004	3.597604e+004	2.796167e+004	
1.183796e+005	5.343909e+004	4.332275e+004	
2.013563e+005	1.176921e+005	1.046535e+005	
3.809612e+005	2.732617e+005	2.564851e+005	
6.645197e+005	5.600221e+005	5.437342e+005	
4.474843e+005	3.326104e+005	3.147937e+005	
2.623543e+005	1.871706e+005	1.754936e+005	
2.057385e+005	1.546564e+005	1.467338e+005	
1.676831e+005	1.331290e+005	1.277668e+005	
1.329782e+005	1.079958e+005	1.041174e+005	
8.951763e+004	7.121827e+004	6.838699e+004	
1.506008e+005	1.120820e+005	1.060769e+005	
2.011059e+005	1.474454e+005	1.390841e+005	
2.450119e+005	1.706648e+005	1.590733e+005	
3.300802e+005	2.314117e+005	2.160270e+005	
5.036612e+005	3.857413e+005	3.673505e+005	
7.284547e+005	6.279500e+005	6.122798e+005	
5.594532e+005	5.108593e+005	5.032798e+005	
4.114321e+005	3.641034e+005	3.567211e+005	
3.501099e+005	3.119768e+005	3.060286e+005	
3.168195e+005	2.859543e+005	2.811396e+005	
3.004972e+005	2.763498e+005	2.725831e+005	
2.950318e+005	2.792600e+005	2.767999e+005	
4.701142e+005	4.091149e+005	3.996002e+005	
3.174353e+005	2.706931e+005	2.634024e+005	
2.665361e+005	2.323747e+005	2.270463e+005	
2.331609e+005	2.057532e+005	2.014782e+005	
2.263112e+005	2.044604e+005	2.010523e+005	
2.150133e+005	1.976945e+005	1.949932e+005	
4.383368e+005	3.346460e+005	3.184977e+005	
2.509040e+005	1.837231e+005	1.732630e+005	
1.713612e+005	1.218698e+005	1.141734e+005	
1.260887e+005	8.409606e+004	7.756030e+004	
9.696949e+004	6.457536e+004	5.953413e+004	
7.700005e+004	5.172077e+004	4.778495e+004	
5.041281e+005	4.331435e+005	4.221472e+005	
3.657342e+005	3.049507e+005	2.955292e+005	
3.020792e+005	2.508252e+005	2.428758e+005	
2.643522e+005	2.195489e+005	2.125936e+005	
2.399680e+005	2.033025e+005	1.976153e+005	
2.170716e+005	1.887672e+005	1.843725e+005	
4.523628e+005	3.349674e+005	3.168177e+005	
2.173410e+005	1.254028e+005	1.112108e+005	
1.314611e+005	5.844544e+004	4.716155e+004	
9.562229e+004	3.585647e+004	2.663683e+004	
6.963663e+004	2.145724e+004	1.401286e+004	
4.777418e+004	1.472956e+004	9.624547e+003	
1.853847e+005	1.249528e+005	1.155562e+005	
1.223646e+005	7.325616e+004	6.562920e+004	
7.874479e+004	4.083187e+004	3.494679e+004	
5.070662e+004	2.803155e+004	2.451325e+004	
3.688963e+004	1.760524e+004	1.461507e+004	
2.430433e+004	1.232638e+004	1.046868e+004	
2.837360e+005	2.346717e+005	2.270290e+005	
3.336999e+005	2.694654e+005	2.594651e+005	
3.952756e+005	3.200401e+005	3.083226e+005	
4.911598e+005	4.139104e+005	4.018862e+005	
6.276604e+005	5.544099e+005	5.430095e+005	
7.133861e+005	6.520988e+005	6.425646e+005	
5.935468e+005	5.933232e+005	5.932883e+005	
5.951296e+005	5.948035e+005	5.947526e+005	
5.952556e+005	5.949081e+005	5.948539e+005	
5.943653e+005	5.938514e+005	5.937713e+005	
5.922699e+005	5.919094e+005	5.918531e+005	
5.935161e+005	5.930749e+005	5.930061e+005	
5.944970e+005	5.941639e+005	5.941119e+005	
5.907199e+005	5.896721e+005	5.895086e+005	
5.914649e+005	5.907449e+005	5.906326e+005	
5.923700e+005	5.918484e+005	5.917671e+005	
6.010382e+005	6.008723e+005	6.008464e+005	
5.885864e+005	5.878088e+005	5.876876e+005	
5.956369e+005	5.950399e+005	5.949468e+005	
5.924131e+005	5.922451e+005	5.922189e+005	
5.942318e+005	5.930254e+005	5.928372e+005	
5.921482e+005	5.908424e+005	5.906388e+005	
5.949427e+005	5.941138e+005	5.939845e+005	
5.884381e+005	5.874819e+005	5.873327e+005	
6.419688e+005	6.402858e+005	6.400345e+005	
6.385638e+005	6.366444e+005	6.363571e+005	
6.414263e+005	6.393093e+005	6.389931e+005	
6.398436e+005	6.375572e+005	6.372118e+005	
6.414934e+005	6.396079e+005	6.393244e+005	
6.472979e+005	6.458301e+005	6.456073e+005	
4.255398e+005	3.252175e+005	3.095693e+005	
3.103858e+005	2.123863e+005	1.971004e+005	
2.789680e+005	1.841013e+005	1.693040e+005	
2.748293e+005	1.808969e+005	1.662454e+005	
2.662318e+005	1.768438e+005	1.629012e+005	
2.367561e+005	1.698140e+005	1.593725e+005	
4.761396e+005	4.445350e+005	4.396566e+005	
4.818454e+005	4.475196e+005	4.422096e+005	
4.827704e+005	4.464144e+005	4.408060e+005	
4.879880e+005	4.503217e+005	4.444963e+005	
5.227624e+005	4.775180e+005	4.704658e+005	
6.334060e+005	5.888914e+005	5.819632e+005	
5.093751e+005	4.193379e+005	4.053710e+005	
4.141004e+005	3.320690e+005	3.193490e+005	
3.912097e+005	3.124956e+005	3.002921e+005	
3.861765e+005	3.089675e+005	2.970122e+005	
3.850523e+005	3.107248e+005	2.992143e+005	
3.568635e+005	3.011495e+005	2.925422e+005	
6.283996e+005	6.253139e+005	6.248522e+005	
6.354933e+005	6.311499e+005	6.305021e+005	
6.369194e+005	6.322788e+005	6.315817e+005	
6.422894e+005	6.379860e+005	6.373407e+005	
6.482001e+005	6.442805e+005	6.436914e+005	
6.422786e+005	6.391539e+005	6.386828e+005	
6.533516e+005	5.692154e+005	5.564430e+005	
5.525529e+005	4.569819e+005	4.424992e+005	
4.772403e+005	3.848838e+005	3.709409e+005	
4.204271e+005	3.415671e+005	3.296734e+005	
3.660103e+005	3.003027e+005	2.903995e+005	
3.078163e+005	2.549655e+005	2.469947e+005	
6.180653e+005	5.296726e+005	5.162204e+005	
4.819684e+005	3.840314e+005	3.691735e+005	
4.056884e+005	3.085997e+005	2.938719e+005	
3.487776e+005	2.648014e+005	2.520622e+005	
2.980677e+005	2.282718e+005	2.176695e+005	
2.577627e+005	2.042401e+005	1.961376e+005	
7.898107e+004	3.108290e+004	2.361456e+004	
1.007962e+005	4.011722e+004	3.065837e+004	
1.196838e+005	4.926863e+004	3.828992e+004	
1.604345e+005	7.678945e+004	6.375056e+004	
2.882702e+005	1.800140e+005	1.631393e+005	
6.247693e+005	5.087412e+005	4.906497e+005	
4.272677e+005	3.245318e+005	3.087090e+005	
2.581716e+005	1.833334e+005	1.718780e+005	
1.869790e+005	1.206216e+005	1.105141e+005	
1.561773e+005	1.001561e+005	9.163365e+004	
1.228492e+005	7.602358e+004	6.888695e+004	
9.445755e+004	5.691284e+004	5.117971e+004	
5.178547e+005	4.541368e+005	4.445123e+005	
3.912347e+005	3.333193e+005	3.246542e+005	
3.417183e+005	2.868088e+005	2.786022e+005	
3.146422e+005	2.670683e+005	2.599639e+005	
2.969618e+005	2.571485e+005	2.511955e+005	
2.763553e+005	2.444151e+005	2.396350e+005	
3.638238e+005	2.635043e+005	2.481664e+005	
2.161217e+005	1.464205e+005	1.358881e+005	
1.743667e+005	1.173036e+005	1.087343e+005	
1.437713e+005	9.314252e+004	8.554324e+004	
1.159659e+005	7.429355e+004	6.805364e+004	
9.143608e+004	5.693017e+004	5.175027e+004	
2.731384e+005	2.504143e+005	2.469381e+005	
2.854366e+005	2.571328e+005	2.528236e+005	
3.035513e+005	2.685832e+005	2.632427e+005	
3.443636e+005	3.027688e+005	2.964158e+005	
4.300853e+005	3.684675e+005	3.589988e+005	
6.261198e+005	5.532230e+005	5.419462e+005	
4.283723e+005	2.934683e+005	2.726160e+005	
2.285118e+005	1.183263e+005	1.013561e+005	
1.661758e+005	6.959628e+004	5.472658e+004	
1.438870e+005	5.610418e+004	4.259032e+004	
1.367808e+005	5.704853e+004	4.474339e+004	
1.025326e+005	4.242336e+004	3.312934e+004	
4.327225e+005	3.964752e+005	3.910601e+005	
4.601152e+005	4.108224e+005	4.034864e+005	
4.897016e+005	4.313145e+005	4.226053e+005	
5.304085e+005	4.676597e+005	4.583050e+005	
6.163896e+005	5.568721e+005	5.479983e+005	
6.892468e+005	6.426713e+005	6.357096e+005	
7.396446e+005	6.095210e+005	5.895905e+005	
7.027709e+005	5.503031e+005	5.269681e+005	
6.366486e+005	4.805315e+005	4.565590e+005	
4.569455e+005	3.884542e+005	3.782527e+005	
2.681108e+005	2.182892e+005	2.108445e+005	
1.730324e+005	1.377200e+005	1.324195e+005	
7.201822e+005	5.982389e+005	5.796632e+005	
6.620553e+005	5.193178e+005	4.975625e+005	
6.013428e+005	4.588434e+005	4.371082e+005	
4.550448e+005	3.743633e+005	3.622850e+005	
2.880811e+005	2.264692e+005	2.172427e+005	
1.924565e+005	1.476055e+005	1.408944e+005	
6.977322e+005	5.802565e+005	5.624226e+005	
6.366897e+005	4.994210e+005	4.784992e+005	
5.631151e+005	4.286976e+005	4.083467e+005	
4.462028e+005	3.610980e+005	3.483383e+005	
2.970019e+005	2.292564e+005	2.191162e+005	
2.101639e+005	1.593607e+005	1.517555e+005	
7.674109e+005	6.401599e+005	6.206145e+005	
7.202044e+005	5.697548e+005	5.466599e+005	
6.381196e+005	4.858472e+005	4.624553e+005	
4.600082e+005	4.000438e+005	3.910724e+005	
2.644879e+005	2.228743e+005	2.166362e+005	
1.693246e+005	1.406586e+005	1.363547e+005	
1.698385e+005	1.304318e+005	1.244399e+005	
2.402921e+005	1.750705e+005	1.651200e+005	
3.094761e+005	2.253125e+005	2.124448e+005	
3.710523e+005	2.751652e+005	2.604584e+005	
4.642630e+005	3.584459e+005	3.421781e+005	
6.515628e+005	5.452289e+005	5.288598e+005	
5.956079e+005	4.677438e+005	4.479921e+005	
5.133009e+005	3.880282e+005	3.686643e+005	
4.566939e+005	3.472247e+005	3.303450e+005	
3.366452e+005	2.826093e+005	2.743781e+005	
2.137864e+005	1.770387e+005	1.714741e+005	
1.324565e+005	1.066108e+005	1.027049e+005	
1.050721e+005	6.404153e+004	5.770010e+004	
1.645804e+005	9.537216e+004	8.467709e+004	
2.244281e+005	1.243727e+005	1.088978e+005	
2.794623e+005	1.529625e+005	1.333825e+005	
3.480498e+005	2.065426e+005	1.846881e+005	
5.798452e+005	4.418013e+005	4.204618e+005	
7.415254e+005	6.238501e+005	6.058543e+005	
6.701880e+005	5.347012e+005	5.140154e+005	
5.725157e+005	4.437301e+005	4.240999e+005	
4.155576e+005	3.515768e+005	3.420768e+005	
2.585040e+005	2.154000e+005	2.090114e+005	
1.786891e+005	1.479678e+005	1.434159e+005	
2.645463e+005	2.208613e+005	2.142801e+005	
3.193642e+005	2.625235e+005	2.539411e+005	
3.872126e+005	3.161295e+005	3.054053e+005	
4.827652e+005	4.026606e+005	3.905094e+005	
6.026938e+005	5.197979e+005	5.072449e+005	
7.065593e+005	6.368024e+005	6.262129e+005	
2.222080e+005	1.840284e+005	1.781920e+005	
2.717596e+005	2.237017e+005	2.163750e+005	
3.359368e+005	2.786003e+005	2.698337e+005	
4.095704e+005	3.408233e+005	3.302836e+005	
5.357076e+005	4.523602e+005	4.395387e+005	
6.851724e+005	6.032228e+005	5.906023e+005	
1.975794e+005	1.581472e+005	1.522294e+005	
2.516622e+005	2.013120e+005	1.937279e+005	
3.275215e+005	2.665848e+005	2.573748e+005	
4.091450e+005	3.328631e+005	3.212975e+005	
5.585666e+005	4.721917e+005	4.589978e+005	
7.515356e+005	6.635418e+005	6.500976e+005	
8.121216e+004	6.648694e+004	6.422677e+004	
1.070201e+005	8.625714e+004	8.308020e+004	
1.244884e+005	9.613897e+004	9.178109e+004	
1.452260e+005	1.093246e+005	1.038078e+005	
2.034479e+005	1.500731e+005	1.418252e+005	
4.835786e+005	3.829929e+005	3.673747e+005	
8.447690e+004	3.973529e+004	3.283480e+004	
1.177777e+005	5.322719e+004	4.327443e+004	
1.529605e+005	7.034294e+004	5.758978e+004	
2.029408e+005	9.906284e+004	8.303877e+004	
3.144918e+005	1.827568e+005	1.624162e+005	
6.323279e+005	5.013642e+005	4.811606e+005	
4.912503e+004	2.627606e+004	2.274187e+004	
6.657552e+004	3.203851e+004	2.670513e+004	
8.230182e+004	4.282223e+004	3.672144e+004	
9.644793e+004	4.998646e+004	4.281228e+004	
1.233819e+005	7.063610e+004	6.248018e+004	
1.498589e+005	9.509097e+004	8.662337e+004	
7.067777e+005	6.090675e+005	5.942027e+005	
6.010913e+005	5.007216e+005	4.854818e+005	
4.879667e+005	3.958061e+005	3.818758e+005	
3.957833e+005	3.279413e+005	3.177976e+005	
3.091552e+005	2.574134e+005	2.496933e+005	
2.582532e+005	2.179249e+005	2.119070e+005	
3.946836e+005	3.636863e+005	3.590344e+005	
4.353719e+005	3.946805e+005	3.885968e+005	
4.838542e+005	4.363958e+005	4.293542e+005	
5.561181e+005	5.048666e+005	4.972991e+005	
6.300145e+005	5.834389e+005	5.765293e+005	
6.925544e+005	6.544614e+005	6.488088e+005	
3.276614e+005	2.852394e+005	2.789015e+005	
3.868935e+005	3.332481e+005	3.252452e+005	
4.500030e+005	3.855185e+005	3.759291e+005	
5.463123e+005	4.797826e+005	4.699035e+005	
6.426316e+005	5.811791e+005	5.720733e+005	
6.966935e+005	6.433635e+005	6.354390e+005	
3.178048e+005	2.731168e+005	2.664536e+005	
3.712456e+005	3.135866e+005	3.050110e+005	
4.510682e+005	3.836359e+005	3.736074e+005	
5.451619e+005	4.717026e+005	4.608312e+005	
6.404836e+005	5.738798e+005	5.639999e+005	
7.003324e+005	6.413179e+005	6.325500e+005	
6.127270e+005	6.127270e+005	6.127270e+005	
6.092432e+005	6.092432e+005	6.092432e+005	
6.113395e+005	6.111775e+005	6.111521e+005	
6.048736e+005	6.048378e+005	6.048323e+005	
6.139589e+005	6.139404e+005	6.139376e+005	
6.106537e+005	6.106537e+005	6.106537e+005	
3.471966e+005	2.763751e+005	2.653283e+005	
3.616154e+005	2.827389e+005	2.704359e+005	
3.632253e+005	2.836985e+005	2.712939e+005	
3.822114e+005	3.008986e+005	2.882157e+005	
4.564668e+005	3.650013e+005	3.507345e+005	
6.358129e+005	5.521374e+005	5.390857e+005	
5.168168e+005	4.659760e+005	4.581178e+005	
4.373479e+005	3.977560e+005	3.916186e+005	
4.256777e+005	3.892843e+005	3.836379e+005	
4.311191e+005	3.955125e+005	3.899947e+005	
4.183437e+005	3.846062e+005	3.793621e+005	
4.086987e+005	3.847637e+005	3.810563e+005	
2.772286e+005	2.081794e+005	1.974944e+005	
2.848106e+005	2.080454e+005	1.961417e+005	
3.011203e+005	2.234598e+005	2.114219e+005	
3.046138e+005	2.241071e+005	2.116324e+005	
3.785667e+005	2.915947e+005	2.781284e+005	
6.194031e+005	5.417146e+005	5.296886e+005	
6.018382e+005	6.018382e+005	6.018382e+005	
6.068643e+005	6.068643e+005	6.068643e+005	
6.061190e+005	6.061190e+005	6.061190e+005	
6.108540e+005	6.108540e+005	6.108540e+005	
6.094395e+005	6.094395e+005	6.094395e+005	
6.094395e+005	6.094395e+005	6.094395e+005	
4.412885e+005	4.035805e+005	3.977536e+005	
4.698074e+005	4.197996e+005	4.120891e+005	
5.180685e+005	4.608939e+005	4.520904e+005	
5.493331e+005	4.880972e+005	4.786582e+005	
6.204949e+005	5.658158e+005	5.573999e+005	
6.655723e+005	6.188937e+005	6.117034e+005	
3.848395e+005	3.402170e+005	3.333039e+005	
4.267661e+005	3.700621e+005	3.612777e+005	
4.590069e+005	3.941217e+005	3.840898e+005	
5.139110e+005	4.442378e+005	4.334606e+005	
5.936100e+005	5.257618e+005	5.152766e+005	
6.699005e+005	6.153140e+005	6.068749e+005	
3.674963e+005	2.236182e+005	2.011795e+005	
2.102536e+005	8.416302e+004	6.450379e+004	
1.671434e+005	5.288496e+004	3.506954e+004	
1.439337e+005	4.003767e+004	2.383779e+004	
1.296909e+005	3.533107e+004	2.061785e+004	
9.255490e+004	2.261690e+004	1.171150e+004	
1.081981e+005	6.369503e+004	5.680734e+004	
1.382785e+005	8.332252e+004	7.482422e+004	
1.775169e+005	1.149217e+005	1.052374e+005	
2.232164e+005	1.549797e+005	1.444113e+005	
3.099680e+005	2.274315e+005	2.146584e+005	
5.410710e+005	4.370730e+005	4.209152e+005	
4.210098e+005	4.068946e+005	4.047284e+005	
4.445567e+005	4.260474e+005	4.232235e+005	
4.686263e+005	4.458220e+005	4.423295e+005	
5.043380e+005	4.767964e+005	4.725854e+005	
5.802548e+005	5.445261e+005	5.390174e+005	
6.830979e+005	6.430085e+005	6.368055e+005	
3.824829e+005	3.647839e+005	3.620543e+005	
3.849337e+005	3.647267e+005	3.616248e+005	
3.962572e+005	3.739092e+005	3.704815e+005	
4.070777e+005	3.791523e+005	3.748717e+005	
4.547292e+005	4.151389e+005	4.090485e+005	
6.385734e+005	5.835024e+005	5.749771e+005	
4.239998e+005	3.535403e+005	3.427428e+005	
3.328264e+005	2.776160e+005	2.692039e+005	
3.052227e+005	2.585312e+005	2.514136e+005	
2.892427e+005	2.492267e+005	2.431234e+005	
2.721603e+005	2.364388e+005	2.309570e+005	
2.621659e+005	2.366425e+005	2.327268e+005	
1.479512e+005	4.815524e+004	3.266556e+004	
1.689746e+005	5.411988e+004	3.633200e+004	
1.883904e+005	6.771895e+004	4.904396e+004	
2.156402e+005	8.446547e+004	6.417941e+004	
3.012070e+005	1.564148e+005	1.340581e+005	
5.886968e+005	4.547354e+005	4.340531e+005	
6.207909e+005	5.805398e+005	5.744783e+005	
5.452979e+005	4.968134e+005	4.895164e+005	
5.112075e+005	4.658655e+005	4.590434e+005	
4.903774e+005	4.504440e+005	4.444180e+005	
4.658121e+005	4.342448e+005	4.294705e+005	
4.440913e+005	4.217505e+005	4.183553e+005	
1.680929e+005	1.367338e+005	1.319729e+005	
2.061101e+005	1.607243e+005	1.537968e+005	
2.654649e+005	2.065172e+005	1.975288e+005	
3.576915e+005	2.790555e+005	2.670327e+005	
5.308869e+005	4.400362e+005	4.261582e+005	
6.879081e+005	6.082439e+005	5.960888e+005	
1.337215e+005	9.900280e+004	9.373174e+004	
1.902154e+005	1.353081e+005	1.269647e+005	
2.533980e+005	1.742949e+005	1.621848e+005	
3.459768e+005	2.446532e+005	2.291426e+005	
5.147739e+005	3.986119e+005	3.808359e+005	
7.004941e+005	6.021700e+005	5.871381e+005	
1.880487e+005	1.476054e+005	1.414805e+005	
2.464732e+005	1.838933e+005	1.744370e+005	
3.228524e+005	2.276673e+005	2.131622e+005	
4.102239e+005	2.909273e+005	2.726904e+005	
5.700226e+005	4.479339e+005	4.293491e+005	
7.166645e+005	6.160629e+005	6.007803e+005	
3.218404e+005	2.747533e+005	2.676309e+005	
3.914354e+005	3.265203e+005	3.165714e+005	
4.932352e+005	4.059076e+005	3.924165e+005	
5.822623e+005	4.724363e+005	4.553909e+005	
6.664193e+005	5.525321e+005	5.348315e+005	
7.523622e+005	6.412893e+005	6.240288e+005	
3.372904e+005	2.921229e+005	2.852748e+005	
4.316460e+005	3.726553e+005	3.636297e+005	
5.192586e+005	4.400752e+005	4.278494e+005	
6.213364e+005	5.281859e+005	5.137452e+005	
7.007574e+005	6.044396e+005	5.894736e+005	
7.505230e+005	6.524801e+005	6.372665e+005	
6.229163e+005	5.089716e+005	4.919177e+005	
5.070118e+005	3.926181e+005	3.752416e+005	
4.093485e+005	3.004675e+005	2.838513e+005	
3.267128e+005	2.341043e+005	2.199015e+005	
2.529353e+005	1.793750e+005	1.680421e+005	
2.012731e+005	1.462986e+005	1.378022e+005	
6.487045e+005	5.562766e+005	5.422403e+005	
5.364626e+005	4.357658e+005	4.204489e+005	
4.333643e+005	3.345476e+005	3.194141e+005	
3.394198e+005	2.527408e+005	2.394081e+005	
2.598031e+005	1.914374e+005	1.809038e+005	
2.073845e+005	1.534708e+005	1.451719e+005	
4.141393e+005	3.695387e+005	3.628979e+005	
5.254158e+005	4.674297e+005	4.587023e+005	
6.216696e+005	5.309710e+005	5.170295e+005	
6.914151e+005	5.879481e+005	5.719221e+005	
7.356709e+005	6.362255e+005	6.207746e+005	
7.559590e+005	6.597022e+005	6.447497e+005	
3.567924e+005	3.009342e+005	2.924968e+005	
4.719579e+005	3.997366e+005	3.887598e+005	
5.565633e+005	4.503618e+005	4.340016e+005	
6.323563e+005	5.037378e+005	4.837840e+005	
6.837447e+005	5.538214e+005	5.336213e+005	
7.552462e+005	6.268502e+005	6.068783e+005	
6.173612e+005	4.703293e+005	4.481762e+005	
5.258800e+005	3.846332e+005	3.632182e+005	
4.567176e+005	3.213818e+005	3.008453e+005	
3.804943e+005	2.647066e+005	2.469825e+005	
3.016555e+005	2.108107e+005	1.968634e+005	
2.389995e+005	1.754879e+005	1.657458e+005	
4.700649e+005	4.308971e+005	4.250839e+005	
5.782643e+005	5.276443e+005	5.200421e+005	
6.599233e+005	5.750462e+005	5.620066e+005	
7.172459e+005	6.170590e+005	6.015280e+005	
7.490440e+005	6.520303e+005	6.369501e+005	
7.488420e+005	6.597449e+005	6.458881e+005	
4.450658e+005	4.006214e+005	3.940214e+005	
5.577503e+005	5.007855e+005	4.922624e+005	
6.542041e+005	5.700626e+005	5.571361e+005	
7.171966e+005	6.170166e+005	6.014867e+005	
7.521933e+005	6.547718e+005	6.396281e+005	
7.521473e+005	6.626569e+005	6.487391e+005	
6.035741e+005	6.033161e+005	6.032759e+005	
6.113846e+005	6.105877e+005	6.104634e+005	
6.100508e+005	6.100508e+005	6.100508e+005	
6.072057e+005	6.072057e+005	6.072057e+005	
6.100922e+005	6.100922e+005	6.100922e+005	
6.091429e+005	6.091429e+005	6.091429e+005	
6.083457e+005	6.083457e+005	6.083457e+005	
6.066921e+005	6.066921e+005	6.066921e+005	
6.104229e+005	6.104229e+005	6.104229e+005	
6.050442e+005	6.045344e+005	6.044549e+005	
6.051637e+005	6.046956e+005	6.046258e+005	
6.041158e+005	6.036504e+005	6.035821e+005	
6.050314e+005	6.050314e+005	6.050314e+005	
6.015838e+005	6.015838e+005	6.015838e+005	
6.049532e+005	6.049532e+005	6.049532e+005	
6.006061e+005	6.006061e+005	6.006061e+005	
6.073058e+005	6.073058e+005	6.073058e+005	
6.092119e+005	6.092119e+005	6.092119e+005	
5.969611e+005	5.661994e+005	5.614013e+005	
6.108870e+005	5.719390e+005	5.658642e+005	
6.141424e+005	5.721595e+005	5.656113e+005	
6.279021e+005	5.853996e+005	5.787701e+005	
6.512084e+005	6.122831e+005	6.062116e+005	
6.882824e+005	6.592534e+005	6.547254e+005	
5.279121e+005	4.772765e+005	4.693782e+005	
5.394560e+005	4.823996e+005	4.734996e+005	
5.478959e+005	5.104416e+005	5.045998e+005	
5.625126e+005	5.244363e+005	5.184971e+005	
5.960389e+005	5.313928e+005	5.213093e+005	
6.826102e+005	6.247702e+005	6.157484e+005	
2.735319e+005	1.787162e+005	1.639270e+005	
9.798082e+004	4.949848e+004	4.193627e+004	
5.820672e+004	1.730881e+004	1.092960e+004	
5.467176e+004	1.590737e+004	9.860956e+003	
4.960254e+004	1.152583e+004	5.586673e+003	
3.611182e+004	8.265047e+003	3.921541e+003	
1.016668e+005	1.013140e+005	1.012590e+005	
1.017612e+005	1.008792e+005	1.007475e+005	
1.050202e+005	1.026800e+005	1.023219e+005	
1.235433e+005	1.157510e+005	1.145384e+005	
2.034018e+005	1.678807e+005	1.623438e+005	
6.000819e+005	5.182503e+005	5.054862e+005	
8.489857e+004	8.434261e+004	8.427441e+004	
9.475026e+004	9.389682e+004	9.377389e+004	
9.754263e+004	9.479477e+004	9.437559e+004	
1.052654e+005	9.628397e+004	9.490189e+004	
1.807122e+005	1.488982e+005	1.439474e+005	
5.280671e+005	4.451559e+005	4.322270e+005	
4.537616e+004	1.102866e+004	5.697257e+003	
4.889357e+004	1.130966e+004	5.488345e+003	
5.718866e+004	1.762488e+004	1.148559e+004	
7.155534e+004	2.706844e+004	2.015978e+004	
1.597677e+005	9.034213e+004	7.957017e+004	
5.579044e+005	4.514328e+005	4.348873e+005	
6.186401e+005	5.710324e+005	5.640020e+005	
5.860965e+005	5.333152e+005	5.254444e+005	
5.673238e+005	5.127084e+005	5.045539e+005	
5.683254e+005	5.136833e+005	5.055208e+005	
5.572090e+005	5.098164e+005	5.027087e+005	
5.359529e+005	5.031884e+005	4.982535e+005	
5.847174e+005	5.031063e+005	4.909198e+005	
5.334021e+005	4.853663e+005	4.782030e+005	
5.183652e+005	4.428131e+005	4.313509e+005	
5.108588e+005	4.617418e+005	4.544047e+005	
5.160195e+005	4.451070e+005	4.343990e+005	
4.882470e+005	4.376626e+005	4.300008e+005	
6.608346e+005	6.606404e+005	6.606115e+005	
6.668261e+005	6.663848e+005	6.663198e+005	
6.662114e+005	6.657791e+005	6.657145e+005	
6.648579e+005	6.646496e+005	6.646178e+005	
6.625137e+005	6.622956e+005	6.622643e+005	
6.625114e+005	6.622934e+005	6.622621e+005	
6.614883e+005	6.610891e+005	6.610297e+005	
6.584421e+005	6.576081e+005	6.574840e+005	
6.661711e+005	6.657824e+005	6.657223e+005	
6.664923e+005	6.658791e+005	6.657861e+005	
6.637477e+005	6.637477e+005	6.637477e+005	
6.672651e+005	6.670704e+005	6.670404e+005	
6.613486e+005	6.609496e+005	6.608901e+005	
6.618458e+005	6.614467e+005	6.613879e+005	
6.643548e+005	6.639233e+005	6.638599e+005	
6.664117e+005	6.657986e+005	6.657056e+005	
6.637477e+005	6.637477e+005	6.637477e+005	
6.655557e+005	6.649101e+005	6.648105e+005	
6.239151e+005	5.429509e+005	5.303420e+005	
5.037143e+005	4.139629e+005	3.999636e+005	
3.911774e+005	3.054808e+005	2.921140e+005	
3.170526e+005	2.408053e+005	2.289122e+005	
2.536654e+005	1.943960e+005	1.851512e+005	
2.143453e+005	1.692723e+005	1.622418e+005	
6.035357e+005	5.335708e+005	5.226734e+005	
4.958544e+005	4.175059e+005	4.052850e+005	
3.964159e+005	3.190014e+005	3.069263e+005	
3.388963e+005	2.704392e+005	2.597613e+005	
3.040120e+005	2.510102e+005	2.427431e+005	
2.718624e+005	2.324290e+005	2.262782e+005	
6.104766e+005	5.521828e+005	5.431454e+005	
5.110893e+005	4.446791e+005	4.343632e+005	
4.344559e+005	3.702734e+005	3.602991e+005	
3.857290e+005	3.280125e+005	3.190506e+005	
3.532425e+005	3.059993e+005	2.986590e+005	
3.225484e+005	2.859981e+005	2.803298e+005	
5.977877e+005	5.085001e+005	4.947647e+005	
4.781511e+005	3.886713e+005	3.749540e+005	
3.852018e+005	3.111595e+005	2.998684e+005	
3.338965e+005	2.745344e+005	2.655025e+005	
2.769883e+005	2.308613e+005	2.238846e+005	
2.414804e+005	2.067067e+005	2.014570e+005	
3.885587e+005	2.926157e+005	2.777402e+005	
3.410957e+005	2.598621e+005	2.472949e+005	
2.922463e+005	2.235709e+005	2.129792e+005	
2.663535e+005	2.112110e+005	2.027435e+005	
2.354884e+005	1.912082e+005	1.843933e+005	
2.017901e+005	1.659350e+005	1.604340e+005	
2.246930e+005	1.776928e+005	1.704966e+005	
2.916560e+005	2.301455e+005	2.207054e+005	
3.506083e+005	2.717287e+005	2.595700e+005	
4.412197e+005	3.487341e+005	3.344478e+005	
5.744263e+005	4.751522e+005	4.597885e+005	
7.221818e+005	6.227133e+005	6.073020e+005	
2.615768e+005	2.204060e+005	2.141205e+005	
3.365080e+005	2.821510e+005	2.738027e+005	
4.179905e+005	3.425472e+005	3.309196e+005	
5.208211e+005	4.332387e+005	4.196891e+005	
6.582639e+005	5.733069e+005	5.601347e+005	
7.392416e+005	6.485671e+005	6.345054e+005	
6.003513e+005	5.052496e+005	4.908703e+005	
4.628766e+005	3.652593e+005	3.506054e+005	
3.721297e+005	2.833734e+005	2.700846e+005	
3.155321e+005	2.427974e+005	2.319496e+005	
2.618944e+005	2.077364e+005	1.996913e+005	
2.315520e+005	1.909895e+005	1.849835e+005	
6.473941e+005	5.724499e+005	5.611348e+005	
5.208406e+005	4.371285e+005	4.245361e+005	
4.418223e+005	3.678525e+005	3.568071e+005	
3.755223e+005	3.166794e+005	3.079357e+005	
3.177430e+005	2.738168e+005	2.673261e+005	
2.771879e+005	2.424258e+005	2.373111e+005	
2.435828e+005	2.004875e+005	1.939258e+005	
2.887179e+005	2.318169e+005	2.231410e+005	
3.391637e+005	2.642005e+005	2.527430e+005	
3.764920e+005	2.853829e+005	2.714470e+005	
4.588395e+005	3.510478e+005	3.345225e+005	
6.552828e+005	5.504867e+005	5.343344e+005	
6.401464e+005	5.610376e+005	5.491308e+005	
5.430286e+005	4.559136e+005	4.429018e+005	
4.905802e+005	4.135746e+005	4.021599e+005	
4.380307e+005	3.752168e+005	3.659449e+005	
3.938652e+005	3.449949e+005	3.377862e+005	
3.675007e+005	3.333412e+005	3.282987e+005	
6.415446e+005	5.526556e+005	5.392249e+005	
5.165329e+005	4.183898e+005	4.036888e+005	
4.341119e+005	3.494073e+005	3.368413e+005	
3.830892e+005	3.137544e+005	3.035211e+005	
3.378486e+005	2.870595e+005	2.795629e+005	
3.031587e+005	2.656164e+005	2.600853e+005	
6.565984e+005	6.552065e+005	6.549978e+005	
6.579214e+005	6.561649e+005	6.559043e+005	
6.579871e+005	6.566227e+005	6.564168e+005	
6.628474e+005	6.612574e+005	6.610194e+005	
6.591636e+005	6.575917e+005	6.573513e+005	
6.597659e+005	6.581926e+005	6.579519e+005	
6.551286e+005	6.532809e+005	6.530061e+005	
6.606428e+005	6.588052e+005	6.585291e+005	
6.661631e+005	6.638330e+005	6.634808e+005	
6.596973e+005	6.577566e+005	6.574648e+005	
6.596818e+005	6.575557e+005	6.572345e+005	
6.657942e+005	6.640992e+005	6.638431e+005	
6.557329e+005	6.534362e+005	6.530921e+005	
6.594179e+005	6.571049e+005	6.567554e+005	
6.622029e+005	6.598579e+005	6.595077e+005	
6.578199e+005	6.554768e+005	6.551264e+005	
6.639881e+005	6.613997e+005	6.610098e+005	
6.586921e+005	6.567009e+005	6.563998e+005	
5.776291e+005	4.899152e+005	4.765896e+005	
4.407693e+005	3.420961e+005	3.270359e+005	
3.802718e+005	2.848193e+005	2.702677e+005	
3.387653e+005	2.483894e+005	2.346102e+005	
2.895771e+005	2.116001e+005	1.996798e+005	
2.579053e+005	1.990607e+005	1.900587e+005	
6.169718e+005	5.454789e+005	5.346499e+005	
5.183548e+005	4.352060e+005	4.225973e+005	
4.318963e+005	3.467303e+005	3.338324e+005	
3.743658e+005	2.962538e+005	2.844127e+005	
3.225529e+005	2.561996e+005	2.461313e+005	
2.940483e+005	2.420725e+005	2.341705e+005	
1.837473e+004	4.154882e+003	1.936889e+003	
2.495354e+004	7.703281e+003	5.013322e+003	
3.273024e+004	1.288227e+004	9.787708e+003	
5.295034e+004	2.618131e+004	2.200591e+004	
1.741118e+005	1.189462e+005	1.103428e+005	
5.754668e+005	4.885786e+005	4.750268e+005	
2.960687e+005	2.254013e+005	2.143826e+005	
1.119677e+005	9.720576e+004	9.490936e+004	
8.973480e+004	8.568184e+004	8.505217e+004	
7.688263e+004	7.535300e+004	7.511618e+004	
7.312284e+004	7.259247e+004	7.251038e+004	
7.619336e+004	7.601498e+004	7.598716e+004	
2.532679e+005	1.742569e+005	1.620349e+005	
8.989148e+004	6.372593e+004	5.974268e+004	
4.748705e+004	3.084652e+004	2.833896e+004	
3.271804e+004	2.011732e+004	1.822770e+004	
2.793682e+004	1.790085e+004	1.639687e+004	
2.178868e+004	1.344234e+004	1.218551e+004	
3.154177e+005	2.372943e+005	2.251581e+005	
8.189219e+004	4.661320e+004	4.112696e+004	
4.516876e+004	1.824498e+004	1.405280e+004	
3.314368e+004	8.449149e+003	4.613130e+003	
2.950957e+004	6.658433e+003	3.102955e+003	
2.333987e+004	6.365242e+003	3.726761e+003	
4.437628e+005	4.167993e+005	4.128375e+005	
4.615999e+005	4.256727e+005	4.203328e+005	
4.743337e+005	4.331101e+005	4.269502e+005	
5.015061e+005	4.557367e+005	4.488527e+005	
5.724958e+005	5.229375e+005	5.154193e+005	
6.821741e+005	6.419042e+005	6.357862e+005	
5.143941e+005	4.917849e+005	4.884173e+005	
5.321744e+005	5.009668e+005	4.963199e+005	
5.514166e+005	5.158808e+005	5.105815e+005	
5.786404e+005	5.386784e+005	5.326975e+005	
6.309367e+005	5.936036e+005	5.880217e+005	
6.860892e+005	6.454926e+005	6.394229e+005	
6.412276e+005	5.492040e+005	5.355917e+005	
5.005800e+005	3.975708e+005	3.822903e+005	
4.040860e+005	3.086865e+005	2.945271e+005	
3.315105e+005	2.539653e+005	2.425015e+005	
2.687552e+005	2.068342e+005	1.977014e+005	
2.241142e+005	1.766667e+005	1.696528e+005	
6.289226e+005	5.366741e+005	5.229117e+005	
4.980308e+005	3.918648e+005	3.760448e+005	
4.073138e+005	3.097360e+005	2.952424e+005	
3.398912e+005	2.552133e+005	2.426347e+005	
2.856418e+005	2.191233e+005	2.092358e+005	
2.341170e+005	1.842270e+005	1.767944e+005	
6.293433e+005	5.312535e+005	5.165725e+005	
4.959774e+005	3.833171e+005	3.665825e+005	
3.924038e+005	2.853096e+005	2.693738e+005	
3.185413e+005	2.242878e+005	2.102248e+005	
2.550711e+005	1.807921e+005	1.697225e+005	
2.217947e+005	1.670204e+005	1.588261e+005	
1.676520e+005	1.415699e+005	1.376222e+005	
2.077502e+005	1.716931e+005	1.662570e+005	
2.519124e+005	2.025622e+005	1.950614e+005	
3.529673e+005	2.872802e+005	2.772760e+005	
6.376573e+005	5.702568e+005	5.599676e+005	
7.940506e+005	6.647738e+005	6.448370e+005	
1.038841e+005	7.757355e+004	7.352428e+004	
1.473828e+005	1.082306e+005	1.021958e+005	
2.028386e+005	1.468372e+005	1.381983e+005	
3.451462e+005	2.704515e+005	2.588811e+005	
6.554109e+005	5.860793e+005	5.753588e+005	
7.969871e+005	6.701290e+005	6.504686e+005	
1.328282e+005	9.959751e+004	9.445969e+004	
1.809508e+005	1.329618e+005	1.255502e+005	
2.604116e+005	1.942047e+005	1.839262e+005	
4.046053e+005	3.196114e+005	3.063820e+005	
6.845576e+005	6.073859e+005	5.954039e+005	
7.841205e+005	6.627129e+005	6.438717e+005	
2.820762e+005	2.246926e+005	2.159316e+005	
3.530427e+005	2.754035e+005	2.635671e+005	
4.245700e+005	3.344468e+005	3.207025e+005	
5.244142e+005	4.243179e+005	4.090826e+005	
6.457817e+005	5.522708e+005	5.380448e+005	
2.567350e+005	1.896175e+005	1.793176e+005	
3.152177e+005	2.341768e+005	2.217382e+005	
3.732506e+005	2.824238e+005	2.684882e+005	
4.460187e+005	3.416287e+005	3.255830e+005	
5.422278e+005	4.273973e+005	4.097222e+005	
6.078028e+005	5.140600e+005	4.998934e+005	
5.018735e+005	4.111115e+005	3.974116e+005	
4.339387e+005	3.614154e+005	3.505271e+005	
3.640322e+005	3.066599e+005	2.980567e+005	
2.970901e+005	2.505096e+005	2.435908e+005	
4.723283e+005	3.689378e+005	3.530598e+005	
3.979838e+005	3.097339e+005	2.961898e+005	
3.446691e+005	2.698376e+005	2.583676e+005	
2.988614e+005	2.347281e+005	2.248943e+005	
2.673629e+005	2.119036e+005	2.033983e+005	
1.642928e+005	1.235644e+005	1.174051e+005	
2.213336e+005	1.621048e+005	1.531251e+005	
2.941108e+005	2.168910e+005	2.051661e+005	
4.104053e+005	3.076942e+005	2.921221e+005	
5.796799e+005	4.604216e+005	4.424811e+005	
1.061271e+005	6.546888e+004	5.925950e+004	
1.493354e+005	9.342998e+004	8.487498e+004	
2.061753e+005	1.311326e+005	1.196768e+005	
3.025874e+005	1.965703e+005	1.803450e+005	
4.925949e+005	3.554029e+005	3.345484e+005	
4.551249e+005	3.604601e+005	3.461088e+005	
3.157723e+005	2.437305e+005	2.327730e+005	
2.489837e+005	1.948103e+005	1.866053e+005	
2.013980e+005	1.603507e+005	1.541358e+005	
1.822265e+005	1.525664e+005	1.480925e+005	
9.456655e+004	5.213929e+004	4.565064e+004	
1.304540e+005	7.057259e+004	6.139143e+004	
1.652533e+005	8.513068e+004	7.283251e+004	
2.610833e+005	1.484603e+005	1.311947e+005	
4.189542e+005	2.596246e+005	2.354317e+005	
7.839264e+004	4.489960e+004	3.976444e+004	
1.121628e+005	6.182202e+004	5.410639e+004	
1.512869e+005	8.100378e+004	7.026723e+004	
2.454806e+005	1.369584e+005	1.203125e+005	
4.173768e+005	2.553602e+005	2.307333e+005	
6.040467e+005	5.002393e+005	4.847311e+005	
5.073757e+005	4.124473e+005	3.983096e+005	
4.210259e+005	3.406354e+005	3.287191e+005	
3.386233e+005	2.750374e+005	2.656403e+005	
2.797728e+005	2.320479e+005	2.249673e+005	
5.806249e+005	4.748072e+005	4.590713e+005	
4.747618e+005	3.728556e+005	3.577377e+005	
3.774951e+005	2.944636e+005	2.821817e+005	
3.009470e+005	2.370490e+005	2.276448e+005	
2.475531e+005	1.998400e+005	1.928222e+005	
5.658078e+005	4.604026e+005	4.447353e+005	
4.512626e+005	3.537585e+005	3.392476e+005	
3.597129e+005	2.758381e+005	2.633947e+005	
2.955111e+005	2.307122e+005	2.211406e+005	
2.452744e+005	1.976633e+005	1.906519e+005	
3.480329e+005	2.982796e+005	2.906567e+005	
4.114157e+005	3.433507e+005	3.329238e+005	
4.977589e+005	4.168917e+005	4.044650e+005	
5.966866e+005	5.076746e+005	4.939971e+005	
6.775600e+005	5.906612e+005	5.772937e+005	
3.060617e+005	2.548798e+005	2.470403e+005	
3.625686e+005	2.954106e+005	2.851142e+005	
4.374743e+005	3.560528e+005	3.435402e+005	
5.217444e+005	4.284516e+005	4.140676e+005	
6.294513e+005	5.265009e+005	5.106080e+005	
2.729561e+005	1.849268e+005	1.711960e+005	
8.227376e+004	4.061100e+004	3.411249e+004	
4.512351e+004	1.483788e+004	1.011395e+004	
3.338212e+004	8.977463e+003	5.170854e+003	
2.551749e+004	7.019320e+003	4.133996e+003	
9.920739e+004	9.009541e+004	8.877461e+004	
1.084626e+005	9.690659e+004	9.520030e+004	
1.355718e+005	1.191320e+005	1.166892e+005	
2.076480e+005	1.734946e+005	1.682703e+005	
4.853089e+005	4.011883e+005	3.881953e+005	
2.857554e+004	2.361357e+004	2.287855e+004	
3.370299e+004	2.607330e+004	2.493525e+004	
3.873381e+004	2.712201e+004	2.536575e+004	
7.744977e+004	5.571042e+004	5.236144e+004	
2.536263e+005	1.841160e+005	1.733257e+005	
2.647194e+004	6.074066e+003	2.904894e+003	
3.826194e+004	1.253541e+004	8.537016e+003	
5.249203e+004	1.971471e+004	1.462287e+004	
1.042996e+005	5.570011e+004	4.815835e+004	
3.786163e+005	2.798603e+005	2.644869e+005	
6.202803e+005	5.169936e+005	5.014966e+005	
5.209615e+005	4.168775e+005	4.012563e+005	
4.360784e+005	3.482936e+005	3.351668e+005	
3.701999e+005	2.984868e+005	2.877617e+005	
3.052004e+005	2.499583e+005	2.416604e+005	
5.837222e+005	4.624551e+005	4.442376e+005	
4.646147e+005	3.589703e+005	3.430098e+005	
4.051176e+005	3.200344e+005	3.072096e+005	
3.361495e+005	2.632411e+005	2.522636e+005	
2.857329e+005	2.292020e+005	2.207037e+005	
2.381793e+005	1.872063e+005	1.793887e+005	
3.354153e+005	2.586806e+005	2.468715e+005	
4.565143e+005	3.458744e+005	3.287622e+005	
5.809514e+005	4.521638e+005	4.321534e+005	
7.187527e+005	6.016039e+005	5.834260e+005	
2.392548e+005	1.856698e+005	1.774330e+005	
3.419143e+005	2.678891e+005	2.564831e+005	
4.482237e+005	3.488943e+005	3.335468e+005	
5.698081e+005	4.556064e+005	4.379421e+005	
7.032543e+005	5.989731e+005	5.828575e+005	
2.747644e+005	2.231128e+005	2.152193e+005	
3.654061e+005	2.960609e+005	2.854240e+005	
4.650672e+005	3.763585e+005	3.626859e+005	
5.852017e+005	4.808485e+005	4.647578e+005	
6.927643e+005	5.973331e+005	5.826116e+005	
6.974931e+005	5.944353e+005	5.785749e+005	
6.736171e+005	5.574451e+005	5.395716e+005	
5.980968e+005	5.109654e+005	4.976608e+005	
4.072487e+005	3.657329e+005	3.596665e+005	
2.785520e+005	2.447693e+005	2.397986e+005	
7.370587e+005	6.170510e+005	5.984990e+005	
7.273064e+005	5.902379e+005	5.690363e+005	
6.458318e+005	5.410586e+005	5.249456e+005	
4.174715e+005	3.761190e+005	3.699915e+005	
2.386954e+005	2.073716e+005	2.027197e+005	
7.499681e+005	6.204505e+005	6.003979e+005	
7.503992e+005	6.089785e+005	5.871038e+005	
6.636168e+005	5.586926e+005	5.425260e+005	
4.319727e+005	3.869939e+005	3.802847e+005	
2.498013e+005	2.161840e+005	2.111900e+005	
5.345786e+005	4.862987e+005	4.787681e+005	
4.560719e+005	4.064403e+005	3.986987e+005	
4.514488e+005	4.036677e+005	3.962145e+005	
4.411451e+005	3.935177e+005	3.860888e+005	
4.346793e+005	3.913051e+005	3.845395e+005	
4.169969e+005	3.865328e+005	3.817813e+005	
5.946433e+005	5.731838e+005	5.698365e+005	
5.438856e+005	5.187884e+005	5.148734e+005	
5.304537e+005	5.046011e+005	5.005686e+005	
5.280119e+005	5.031787e+005	4.993052e+005	
5.195634e+005	4.984123e+005	4.951132e+005	
5.114030e+005	4.964654e+005	4.941354e+005	
4.730608e+005	4.337218e+005	4.277198e+005	
4.856037e+005	4.387962e+005	4.316103e+005	
4.842248e+005	4.362953e+005	4.289430e+005	
4.903879e+005	4.428005e+005	4.354801e+005	
5.403678e+005	4.912297e+005	4.836930e+005	
6.542014e+005	6.139269e+005	6.077188e+005	
5.518228e+005	5.308463e+005	5.276408e+005	
5.616614e+005	5.349638e+005	5.308692e+005	
5.675071e+005	5.392377e+005	5.349046e+005	
5.797070e+005	5.521353e+005	5.478985e+005	
6.107758e+005	5.846613e+005	5.806483e+005	
6.550097e+005	6.349243e+005	6.318423e+005	
5.614848e+005	5.424683e+005	5.395019e+005	
5.293861e+005	5.109582e+005	5.080837e+005	
5.266697e+005	5.094483e+005	5.067623e+005	
5.232370e+005	5.056676e+005	5.029272e+005	
5.201120e+005	5.034709e+005	5.008752e+005	
5.176417e+005	5.061288e+005	5.043333e+005	
5.989266e+005	5.951177e+005	5.945234e+005	
5.913411e+005	5.874783e+005	5.868759e+005	
5.913757e+005	5.875139e+005	5.869114e+005	
5.885517e+005	5.845206e+005	5.838919e+005	
5.968951e+005	5.937756e+005	5.932888e+005	
5.901787e+005	5.877828e+005	5.874089e+005	
4.096336e+005	3.380493e+005	3.269358e+005	
4.138344e+005	3.354902e+005	3.233181e+005	
4.263433e+005	3.473182e+005	3.350371e+005	
4.185561e+005	3.404953e+005	3.283712e+005	
4.618401e+005	3.831238e+005	3.708871e+005	
6.226466e+005	5.536081e+005	5.428704e+005	
6.063413e+005	6.063413e+005	6.063413e+005	
6.103341e+005	6.103341e+005	6.103341e+005	
6.047280e+005	6.047280e+005	6.047280e+005	
6.048396e+005	6.048396e+005	6.048396e+005	
6.100222e+005	6.100222e+005	6.100222e+005	
6.059048e+005	6.059048e+005	6.059048e+005	
6.063413e+005	6.063413e+005	6.063413e+005	
6.103341e+005	6.103341e+005	6.103341e+005	
6.047279e+005	6.047279e+005	6.047279e+005	
6.048396e+005	6.048396e+005	6.048396e+005	
6.100222e+005	6.100222e+005	6.100222e+005	
6.059048e+005	6.059048e+005	6.059048e+005	
5.900667e+005	5.633339e+005	5.596836e+005	
6.408098e+005	6.067298e+005	6.018998e+005	
6.967359e+005	6.298916e+005	6.197959e+005	
7.398183e+005	6.604474e+005	6.482853e+005	
7.505196e+005	6.709360e+005	6.586734e+005	
7.641448e+005	6.831164e+005	6.706312e+005	
5.193470e+005	4.848056e+005	4.800252e+005	
6.209826e+005	5.757004e+005	5.692548e+005	
7.070302e+005	6.256124e+005	6.133321e+005	
7.503443e+005	6.529468e+005	6.380074e+005	
7.651219e+005	6.727552e+005	6.585208e+005	
7.767354e+005	6.889794e+005	6.754449e+005	
4.816473e+005	4.406053e+005	4.348449e+005	
6.239218e+005	5.731110e+005	5.658447e+005	
7.140224e+005	6.252529e+005	6.118350e+005	
7.588191e+005	6.531763e+005	6.369701e+005	
7.775540e+005	6.792787e+005	6.641169e+005	
7.919687e+005	6.918714e+005	6.764286e+005	
6.051519e+005	4.968279e+005	4.800121e+005	
4.623813e+005	3.494739e+005	3.319051e+005	
3.781488e+005	2.691544e+005	2.522534e+005	
3.073450e+005	2.087415e+005	1.934630e+005	
2.519693e+005	1.738960e+005	1.618244e+005	
2.068752e+005	1.482007e+005	1.391328e+005	
6.507823e+005	5.561722e+005	5.414909e+005	
5.424899e+005	4.373761e+005	4.210640e+005	
4.397490e+005	3.360523e+005	3.199923e+005	
3.619622e+005	2.699201e+005	2.557165e+005	
2.821747e+005	2.077577e+005	1.962900e+005	
2.311179e+005	1.718731e+005	1.627819e+005	
1.445427e+004	3.268391e+003	1.523631e+003	
2.100572e+004	6.441994e+003	4.170360e+003	
2.991069e+004	1.109834e+004	8.164010e+003	
5.214686e+004	2.483186e+004	2.057129e+004	
1.812320e+005	1.272439e+005	1.188228e+005	
5.699993e+005	4.822283e+005	4.685378e+005	
3.221313e+005	2.438371e+005	2.316849e+005	
1.274724e+005	1.039723e+005	1.003323e+005	
8.460656e+004	7.251764e+004	7.064999e+004	
7.303840e+004	6.418751e+004	6.281921e+004	
5.447848e+004	4.706302e+004	4.592946e+004	
5.420893e+004	4.753348e+004	4.651713e+004	
2.374933e+005	1.645235e+005	1.531658e+005	
9.185602e+004	6.892207e+004	6.538390e+004	
6.555659e+004	5.354335e+004	5.171602e+004	
4.532628e+004	3.953679e+004	3.868481e+004	
4.188748e+004	3.765329e+004	3.703437e+004	
3.793663e+004	3.531422e+004	3.494291e+004	
3.116970e+005	2.315292e+005	2.190565e+005	
7.560983e+004	4.046720e+004	3.501041e+004	
3.725548e+004	1.256799e+004	8.734101e+003	
2.938450e+004	9.730107e+003	6.676987e+003	
2.229912e+004	6.261512e+003	3.772744e+003	
1.524514e+004	4.335489e+003	2.647852e+003	
3.313538e+005	2.843747e+005	2.774628e+005	
4.188731e+005	3.578841e+005	3.488509e+005	
4.902128e+005	4.038614e+005	3.908194e+005	
5.571091e+005	4.513388e+005	4.351894e+005	
6.501667e+005	5.371195e+005	5.197984e+005	
7.731949e+005	6.661805e+005	6.497986e+005	
3.971438e+005	3.543362e+005	3.479894e+005	
4.869768e+005	4.303325e+005	4.219056e+005	
5.692686e+005	4.888208e+005	4.766746e+005	
6.282608e+005	5.309315e+005	5.160455e+005	
7.056631e+005	6.054436e+005	5.900676e+005	
7.707746e+005	6.758048e+005	6.612082e+005	
6.270208e+005	5.720342e+005	5.634708e+005	
5.670910e+005	5.032966e+005	4.933493e+005	
5.314543e+005	4.671051e+005	4.570762e+005	
4.959955e+005	4.372039e+005	4.280392e+005	
4.640197e+005	4.160638e+005	4.085879e+005	
4.398920e+005	4.035117e+005	3.978382e+005	
6.323558e+005	5.593852e+005	5.480189e+005	
5.506986e+005	4.658297e+005	4.525993e+005	
4.874998e+005	4.044046e+005	3.914526e+005	
4.354224e+005	3.608228e+005	3.491968e+005	
3.937979e+005	3.342111e+005	3.249271e+005	
3.677078e+005	3.229825e+005	3.160105e+005	
6.342793e+005	5.520839e+005	5.392988e+005	
5.387740e+005	4.448694e+005	4.302322e+005	
4.518262e+005	3.562776e+005	3.414037e+005	
3.927877e+005	3.073455e+005	2.940463e+005	
3.414118e+005	2.727588e+005	2.620700e+005	
3.131821e+005	2.618203e+005	2.538284e+005	
6.421119e+005	6.421119e+005	6.421119e+005	
6.417354e+005	6.417354e+005	6.417354e+005	
6.379952e+005	6.379952e+005	6.379952e+005	
6.431951e+005	6.431951e+005	6.431951e+005	
6.415076e+005	6.415076e+005	6.415076e+005	
6.415076e+005	6.415076e+005	6.415076e+005	
6.454098e+005	6.454098e+005	6.454098e+005	
6.394689e+005	6.394689e+005	6.394689e+005	
6.414153e+005	6.414153e+005	6.414153e+005	
6.445168e+005	6.445168e+005	6.445168e+005	
6.419466e+005	6.419466e+005	6.419466e+005	
6.417636e+005	6.417636e+005	6.417636e+005	
6.403054e+005	6.403054e+005	6.403054e+005	
6.508826e+005	6.508826e+005	6.508826e+005	
6.414153e+005	6.414153e+005	6.414153e+005	
6.419885e+005	6.419885e+005	6.419885e+005	
6.417126e+005	6.417126e+005	6.417126e+005	
6.470762e+005	6.470762e+005	6.470762e+005	
3.463059e+005	2.894673e+005	2.807354e+005	
4.376293e+005	3.634605e+005	3.520503e+005	
5.164940e+005	4.241635e+005	4.098440e+005	
5.846623e+005	4.799282e+005	4.637012e+005	
6.767746e+005	5.683440e+005	5.514918e+005	
7.557304e+005	6.496794e+005	6.332642e+005	
3.764751e+005	3.314059e+005	3.245332e+005	
4.751988e+005	4.143369e+005	4.050439e+005	
5.543955e+005	4.734423e+005	4.609647e+005	
6.266566e+005	5.347711e+005	5.205573e+005	
7.047786e+005	6.156583e+005	6.018413e+005	
7.690089e+005	6.717666e+005	6.566903e+005	
6.714443e+005	5.664712e+005	5.506281e+005	
6.087650e+005	5.064711e+005	4.910864e+005	
5.460026e+005	4.556654e+005	4.420923e+005	
5.024419e+005	4.318873e+005	4.213101e+005	
4.361591e+005	3.803069e+005	3.719131e+005	
3.583232e+005	3.172503e+005	3.111109e+005	
5.371783e+005	4.202233e+005	4.021024e+005	
5.097103e+005	4.055008e+005	3.893876e+005	
4.798061e+005	3.866469e+005	3.722683e+005	
4.514930e+005	3.746327e+005	3.627863e+005	
4.043048e+005	3.408008e+005	3.310488e+005	
3.465805e+005	2.925973e+005	2.843068e+005	
2.205314e+005	1.823220e+005	1.764151e+005	
2.946997e+005	2.413400e+005	2.331019e+005	
3.665888e+005	2.918866e+005	2.803179e+005	
4.949734e+005	4.038432e+005	3.897274e+005	
6.830377e+005	5.951735e+005	5.815549e+005	
7.733587e+005	6.644008e+005	6.475229e+005	
2.601447e+005	2.270677e+005	2.220018e+005	
3.354610e+005	2.882647e+005	2.810158e+005	
4.247549e+005	3.571683e+005	3.467408e+005	
5.523688e+005	4.632133e+005	4.493950e+005	
7.165084e+005	6.350248e+005	6.223713e+005	
7.778434e+005	6.727860e+005	6.565321e+005	
6.458742e+005	5.156451e+005	4.959874e+005	
5.153240e+005	4.094743e+005	3.931825e+005	
4.174137e+005	3.409866e+005	3.292380e+005	
3.696825e+005	3.173976e+005	3.093653e+005	
3.145265e+005	2.744466e+005	2.682916e+005	
2.715533e+005	2.436568e+005	2.393965e+005	
2.303986e+005	1.902690e+005	1.841731e+005	
2.826297e+005	2.270776e+005	2.186491e+005	
3.589301e+005	2.839541e+005	2.725028e+005	
4.800070e+005	3.905816e+005	3.768763e+005	
7.015142e+005	6.192443e+005	6.066144e+005	
7.895498e+005	6.781686e+005	6.610786e+005	
2.705194e+005	2.272149e+005	2.206599e+005	
3.220527e+005	2.601206e+005	2.507611e+005	
4.103617e+005	3.316565e+005	3.196606e+005	
5.264326e+005	4.336177e+005	4.194095e+005	
7.036111e+005	6.166166e+005	6.033240e+005	
7.781264e+005	6.683568e+005	6.515140e+005	
6.377440e+005	5.773115e+005	5.682731e+005	
5.695529e+005	5.007828e+005	4.905205e+005	
5.115556e+005	4.448679e+005	4.349772e+005	
4.641623e+005	4.065911e+005	3.980930e+005	
4.217093e+005	3.766037e+005	3.699498e+005	
4.124086e+005	3.776356e+005	3.725002e+005	
6.401224e+005	5.599176e+005	5.479203e+005	
5.508337e+005	4.607232e+005	4.473584e+005	
4.714061e+005	3.884361e+005	3.762268e+005	
4.082063e+005	3.400436e+005	3.301134e+005	
3.530798e+005	3.022526e+005	2.948751e+005	
3.305995e+005	2.920918e+005	2.865058e+005	
6.482168e+005	5.468194e+005	5.316583e+005	
5.217756e+005	4.090038e+005	3.922295e+005	
4.373347e+005	3.374712e+005	3.227439e+005	
3.718613e+005	2.922940e+005	2.806850e+005	
3.274797e+005	2.692987e+005	2.608584e+005	
2.877920e+005	2.436366e+005	2.372329e+005	
5.641600e+005	5.368259e+005	5.325622e+005	
5.731756e+005	5.383481e+005	5.329154e+005	
5.808173e+005	5.426303e+005	5.366754e+005	
5.909931e+005	5.515014e+005	5.453411e+005	
6.162952e+005	5.781186e+005	5.721639e+005	
6.530321e+005	6.252254e+005	6.208878e+005	
5.047184e+005	4.600257e+005	4.530558e+005	
5.176109e+005	4.861597e+005	4.812537e+005	
5.113813e+005	4.583747e+005	4.501070e+005	
5.361750e+005	5.003464e+005	4.947575e+005	
5.624302e+005	4.997240e+005	4.899432e+005	
6.446114e+005	6.171633e+005	6.128816e+005	
2.812204e+005	1.919852e+005	1.780664e+005	
8.873079e+004	4.121752e+004	3.380645e+004	
6.036624e+004	2.120497e+004	1.509664e+004	
5.135184e+004	1.370977e+004	7.838416e+003	
4.872919e+004	1.362070e+004	8.144535e+003	
3.689771e+004	9.092002e+003	4.754907e+003	
1.091819e+005	1.089769e+005	1.089498e+005	
1.034339e+005	1.026533e+005	1.025343e+005	
1.127172e+005	1.103074e+005	1.099389e+005	
1.255345e+005	1.170276e+005	1.157041e+005	
2.020264e+005	1.657997e+005	1.601527e+005	
5.809358e+005	4.978597e+005	4.849083e+005	
8.521026e+004	8.463789e+004	8.457652e+004	
8.778790e+004	8.698530e+004	8.687091e+004	
8.671974e+004	8.403706e+004	8.363780e+004	
1.028885e+005	9.492921e+004	9.369633e+004	
1.830565e+005	1.510081e+005	1.460211e+005	
5.080346e+005	4.223349e+005	4.089747e+005	
4.257125e+004	9.585550e+003	4.465557e+003	
4.925530e+004	1.310815e+004	7.493773e+003	
5.726434e+004	1.892765e+004	1.296980e+004	
7.699963e+004	3.307276e+004	2.626554e+004	
1.659144e+005	9.981200e+004	8.953663e+004	
5.639962e+005	4.597650e+005	4.435665e+005	
6.143658e+005	5.505586e+005	5.409784e+005	
5.563949e+005	4.862597e+005	4.757654e+005	
5.381899e+005	4.658400e+005	4.549542e+005	
5.166854e+005	4.473094e+005	4.368663e+005	
4.961276e+005	4.351606e+005	4.259386e+005	
4.741860e+005	4.300836e+005	4.233883e+005	
6.250063e+005	5.803676e+005	5.736470e+005	
5.917340e+005	5.368154e+005	5.285814e+005	
5.599441e+005	5.038298e+005	4.953933e+005	
5.330570e+005	4.773758e+005	4.689769e+005	
5.181222e+005	4.733722e+005	4.666014e+005	
5.146770e+005	4.668087e+005	4.595417e+005	
6.272643e+005	6.254839e+005	6.252254e+005	
6.329695e+005	6.308196e+005	6.305093e+005	
6.279403e+005	6.254399e+005	6.250780e+005	
6.279519e+005	6.262468e+005	6.259969e+005	
6.283484e+005	6.257889e+005	6.254129e+005	
6.340341e+005	6.322766e+005	6.320202e+005	
6.215869e+005	6.185610e+005	6.181206e+005	
6.253012e+005	6.217024e+005	6.211804e+005	
6.189852e+005	6.138353e+005	6.130909e+005	
6.218476e+005	6.172404e+005	6.165656e+005	
6.299941e+005	6.264586e+005	6.259393e+005	
6.329615e+005	6.294093e+005	6.288876e+005	
6.141550e+005	6.084377e+005	6.076078e+005	
6.211411e+005	6.175663e+005	6.170478e+005	
6.150487e+005	6.099316e+005	6.091919e+005	
6.203213e+005	6.116771e+005	6.104117e+005	
6.289164e+005	6.253869e+005	6.248686e+005	
6.388168e+005	6.331568e+005	6.323191e+005	
6.771836e+005	6.001593e+005	5.886579e+005	
6.205170e+005	5.312321e+005	5.179712e+005	
5.559604e+005	4.762284e+005	4.644856e+005	
5.124363e+005	4.454690e+005	4.357017e+005	
4.477896e+005	3.975683e+005	3.902409e+005	
3.860973e+005	3.446154e+005	3.385860e+005	
6.753633e+005	5.876365e+005	5.745583e+005	
5.964455e+005	4.982300e+005	4.836925e+005	
5.280538e+005	4.351352e+005	4.214585e+005	
4.692452e+005	3.872827e+005	3.753318e+005	
3.983801e+005	3.338519e+005	3.244479e+005	
3.551680e+005	3.068651e+005	2.998253e+005	
6.648544e+005	5.812105e+005	5.687438e+005	
5.641258e+005	4.665265e+005	4.520579e+005	
4.924487e+005	3.980357e+005	3.841547e+005	
4.571357e+005	3.768966e+005	3.651797e+005	
3.849507e+005	3.198763e+005	3.103688e+005	
3.464046e+005	2.878463e+005	2.792908e+005	
5.685479e+005	4.719468e+005	4.570924e+005	
4.705371e+005	3.799855e+005	3.660887e+005	
4.132038e+005	3.423654e+005	3.315453e+005	
3.327735e+005	2.811355e+005	2.733215e+005	
2.556853e+005	2.156436e+005	2.096168e+005	
6.498271e+005	5.590229e+005	5.450824e+005	
5.682048e+005	4.814051e+005	4.681333e+005	
5.178084e+005	4.526251e+005	4.427352e+005	
4.317563e+005	3.872821e+005	3.806160e+005	
3.262573e+005	2.891351e+005	2.835912e+005	
2.368903e+005	1.722820e+005	1.624775e+005	
3.027490e+005	2.154261e+005	2.022060e+005	
3.642238e+005	2.593443e+005	2.435238e+005	
4.523685e+005	3.399022e+005	3.229709e+005	
6.058723e+005	5.014750e+005	4.858046e+005	
2.626516e+005	2.008472e+005	1.915423e+005	
3.398221e+005	2.575055e+005	2.451016e+005	
4.246960e+005	3.239960e+005	3.088142e+005	
5.188954e+005	4.154650e+005	3.999175e+005	
6.429161e+005	5.496698e+005	5.356902e+005	
7.325693e+005	6.105731e+005	5.917304e+005	
7.137841e+005	5.780818e+005	5.571261e+005	
6.413571e+005	5.483139e+005	5.340643e+005	
4.440457e+005	4.065415e+005	4.010293e+005	
2.619506e+005	2.346217e+005	2.306112e+005	
5.731963e+005	4.481487e+005	4.287756e+005	
5.470451e+005	4.128232e+005	3.920222e+005	
4.851497e+005	3.893339e+005	3.746079e+005	
3.169823e+005	2.723217e+005	2.656110e+005	
1.893888e+005	1.565110e+005	1.515444e+005	
2.257161e+005	1.718677e+005	1.636869e+005	
3.289509e+005	2.377702e+005	2.239277e+005	
4.084568e+005	2.789605e+005	2.593744e+005	
4.561350e+005	3.190861e+005	2.984899e+005	
5.807541e+005	4.519546e+005	4.325211e+005	
7.725146e+005	6.326720e+005	6.110286e+005	
7.928887e+005	6.246101e+005	5.985208e+005	
7.145161e+005	5.925544e+005	5.737757e+005	
4.136900e+005	3.748596e+005	3.691900e+005	
2.024749e+005	1.755543e+005	1.715980e+005	
7.710478e+005	6.314708e+005	6.098684e+005	
7.898847e+005	6.222436e+005	5.962532e+005	
7.197731e+005	5.946543e+005	5.753849e+005	
4.048822e+005	3.679711e+005	3.625969e+005	
1.923805e+005	1.676753e+005	1.640207e+005	
2.354813e+005	1.786633e+005	1.701664e+005	
3.218903e+005	2.418967e+005	2.299483e+005	
4.319504e+005	3.302741e+005	3.150762e+005	
5.626986e+005	4.478204e+005	4.306261e+005	
7.117135e+005	6.089139e+005	5.935346e+005	
2.601460e+005	2.082259e+005	2.004321e+005	
3.667723e+005	2.924318e+005	2.812889e+005	
4.774366e+005	3.725071e+005	3.567671e+005	
6.037201e+005	4.835246e+005	4.654158e+005	
7.260615e+005	6.193139e+005	6.032520e+005	
3.220345e+005	2.763998e+005	2.695993e+005	
4.541875e+005	3.882754e+005	3.784106e+005	
5.713376e+005	4.655623e+005	4.495797e+005	
6.639272e+005	5.483395e+005	5.308490e+005	
7.330683e+005	6.326371e+005	6.174673e+005	
5.970003e+005	4.891640e+005	4.727031e+005	
4.439085e+005	3.456388e+005	3.306461e+005	
3.722028e+005	2.927494e+005	2.807397e+005	
3.016386e+005	2.382498e+005	2.286634e+005	
2.620987e+005	2.154884e+005	2.084651e+005	
6.303524e+005	5.311088e+005	5.160742e+005	
5.242422e+005	4.308558e+005	4.167271e+005	
4.438135e+005	3.682097e+005	3.568351e+005	
3.553838e+005	2.944366e+005	2.853169e+005	
2.999697e+005	2.528121e+005	2.457426e+005	
1.717785e+004	4.925431e+003	3.014313e+003	
2.389753e+004	7.666746e+003	5.136289e+003	
3.904410e+004	1.675491e+004	1.327827e+004	
1.149702e+005	7.594155e+004	6.985395e+004	
4.150355e+005	3.297495e+005	3.164464e+005	
3.052972e+005	2.267930e+005	2.146318e+005	
1.071275e+005	8.363087e+004	8.001713e+004	
6.907238e+004	5.571714e+004	5.369346e+004	
5.800256e+004	4.783945e+004	4.631564e+004	
4.430701e+004	3.625017e+004	3.503591e+004	
2.526115e+005	1.709880e+005	1.583544e+005	
9.095793e+004	6.592320e+004	6.207606e+004	
6.288783e+004	5.063138e+004	4.878350e+004	
4.136774e+004	3.400700e+004	3.290830e+004	
3.311740e+004	2.733137e+004	2.648272e+004	
3.121970e+005	2.354273e+005	2.235164e+005	
7.349831e+004	4.224638e+004	3.739886e+004	
3.704979e+004	1.717924e+004	1.409890e+004	
2.453198e+004	8.942149e+003	6.526950e+003	
1.544630e+004	4.171974e+003	2.423925e+003	
2.423919e+005	1.840544e+005	1.753323e+005	
3.093726e+005	2.336861e+005	2.223473e+005	
3.961819e+005	3.104124e+005	2.975583e+005	
5.183743e+005	4.242121e+005	4.100731e+005	
6.710995e+005	5.804893e+005	5.669041e+005	
2.811953e+005	2.261091e+005	2.178397e+005	
3.581480e+005	2.874741e+005	2.768840e+005	
4.479817e+005	3.620686e+005	3.492110e+005	
5.719149e+005	4.852396e+005	4.722268e+005	
6.992531e+005	6.186522e+005	6.066052e+005	
6.558614e+005	5.367374e+005	5.187748e+005	
5.709317e+005	4.573615e+005	4.402871e+005	
4.670799e+005	3.812285e+005	3.685124e+005	
3.873471e+005	3.213060e+005	3.115733e+005	
3.067537e+005	2.596861e+005	2.527184e+005	
6.268533e+005	5.074385e+005	4.894190e+005	
5.325216e+005	4.197278e+005	4.028373e+005	
4.379294e+005	3.518332e+005	3.391207e+005	
3.547383e+005	2.893586e+005	2.797061e+005	
2.841658e+005	2.375477e+005	2.306350e+005	
6.185264e+005	5.003073e+005	4.824838e+005	
5.199538e+005	4.051574e+005	3.879528e+005	
4.164550e+005	3.301191e+005	3.173326e+005	
3.467551e+005	2.824161e+005	2.729694e+005	
2.786501e+005	2.333313e+005	2.266204e+005	
1.950255e+005	1.397448e+005	1.314079e+005	
2.526036e+005	1.748144e+005	1.630973e+005	
3.171811e+005	2.173855e+005	2.023715e+005	
4.293384e+005	3.089792e+005	2.908539e+005	
5.595766e+005	4.295491e+005	4.100962e+005	
1.599580e+005	9.339063e+004	8.334552e+004	
2.195108e+005	1.273840e+005	1.135021e+005	
2.999249e+005	1.870305e+005	1.699958e+005	
4.250032e+005	2.953951e+005	2.759248e+005	
5.609383e+005	4.275364e+005	4.075826e+005	
1.889014e+005	1.231409e+005	1.132020e+005	
2.436245e+005	1.500765e+005	1.359605e+005	
3.314995e+005	2.213374e+005	2.047540e+005	
4.451398e+005	3.213650e+005	3.027657e+005	
5.720229e+005	4.491018e+005	4.307011e+005	
