3.920176e+002	3.604882e+002	3.555703e+002	
4.363080e+002	3.777038e+002	3.685628e+002	
9.842038e+001	6.772559e+001	6.293786e+001	
1.653175e+002	9.332945e+001	8.210085e+001	
4.006852e+001	1.635637e+001	1.265778e+001	
7.467250e+001	2.885349e+001	2.170671e+001	
0.000000e+000	0.000000e+000	0.000000e+000	
1.924054e-003	4.350659e-004	2.028153e-004	
3.821224e+002	3.219840e+002	3.126038e+002	
3.016129e+002	2.534928e+002	2.459872e+002	
3.841646e+002	3.227844e+002	3.132104e+002	
3.106587e+002	2.607710e+002	2.529896e+002	
3.839456e+002	3.152156e+002	3.044952e+002	
3.109088e+002	2.564352e+002	2.479385e+002	
3.572047e+002	2.799977e+002	2.679551e+002	
2.802930e+002	2.197455e+002	2.103012e+002	
3.312248e+002	2.518004e+002	2.394119e+002	
2.546924e+002	1.948057e+002	1.854647e+002	
0.000000e+000	0.000000e+000	0.000000e+000	
0.000000e+000	0.000000e+000	0.000000e+000	
2.483465e+002	1.956490e+002	1.874292e+002	
3.105063e+002	2.355245e+002	2.238289e+002	
1.843692e+002	1.316985e+002	1.234830e+002	
2.589117e+002	1.742704e+002	1.610682e+002	
1.611383e+002	1.116723e+002	1.039566e+002	
2.181260e+002	1.350148e+002	1.220512e+002	
2.151542e+002	1.685924e+002	1.613298e+002	
2.650034e+002	1.945044e+002	1.835081e+002	
2.858825e+002	1.953450e+002	1.812232e+002	
2.295930e+002	1.766648e+002	1.684091e+002	
2.264056e+002	1.349612e+002	1.206979e+002	
1.679255e+002	1.149377e+002	1.066728e+002	
2.537322e+002	1.833822e+002	1.724090e+002	
1.999452e+002	1.562185e+002	1.493981e+002	
2.422705e+002	1.607911e+002	1.480821e+002	
1.761961e+002	1.257237e+002	1.178511e+002	
2.069221e+002	1.289145e+002	1.167469e+002	
1.451291e+002	9.427206e+001	8.633945e+001	
2.361419e+002	1.639213e+002	1.526564e+002	
1.711312e+002	1.205096e+002	1.126137e+002	
3.282207e+002	2.422586e+002	2.288504e+002	
3.867075e+002	2.791511e+002	2.623746e+002	
3.280080e+002	2.459407e+002	2.331400e+002	
3.873218e+002	2.812296e+002	2.646814e+002	
3.392003e+002	2.701622e+002	2.593938e+002	
3.956927e+002	3.084651e+002	2.948595e+002	
3.374432e+002	2.747234e+002	2.649406e+002	
3.956042e+002	3.188329e+002	3.068580e+002	
3.351755e+002	2.728773e+002	2.631601e+002	
3.884077e+002	3.130331e+002	3.012759e+002	
6.124297e+002	6.124297e+002	6.124297e+002	
6.155031e+002	6.150188e+002	6.149432e+002	
6.158752e+002	6.156076e+002	6.155659e+002	
6.100494e+002	6.095754e+002	6.095015e+002	
6.079529e+002	6.079529e+002	6.079529e+002	
6.077393e+002	6.077393e+002	6.077393e+002	
6.158723e+002	6.156368e+002	6.156001e+002	
6.136832e+002	6.131981e+002	6.131224e+002	
6.096786e+002	6.086951e+002	6.085416e+002	
6.126039e+002	6.120930e+002	6.120132e+002	
6.157587e+002	6.152907e+002	6.152177e+002	
6.087200e+002	6.082365e+002	6.081610e+002	
6.139583e+002	6.128952e+002	6.127294e+002	
6.146943e+002	6.138604e+002	6.137303e+002	
6.060410e+002	6.023209e+002	6.017407e+002	
6.063232e+002	6.039803e+002	6.036149e+002	
2.998443e+002	2.425841e+002	2.336528e+002	
3.511222e+002	2.796529e+002	2.685052e+002	
3.060603e+002	2.420404e+002	2.320546e+002	
3.582166e+002	2.775880e+002	2.650116e+002	
3.485428e+002	2.822948e+002	2.719615e+002	
3.961977e+002	3.110518e+002	2.977710e+002	
4.608795e+002	4.050754e+002	3.963714e+002	
4.918247e+002	4.197477e+002	4.085052e+002	
5.250577e+002	4.783421e+002	4.710555e+002	
5.509360e+002	4.900188e+002	4.805171e+002	
2.322159e+002	1.206944e+002	1.032995e+002	
1.567150e+002	8.538522e+001	7.425929e+001	
2.590404e+002	1.448623e+002	1.270598e+002	
1.732417e+002	1.012971e+002	9.008347e+001	
2.996513e+002	2.079614e+002	1.936942e+002	
2.329644e+002	1.713445e+002	1.617621e+002	
2.763982e+002	1.865322e+002	1.725405e+002	
2.152619e+002	1.561534e+002	1.469585e+002	
2.475197e+002	1.312358e+002	1.130980e+002	
1.616394e+002	9.245502e+001	8.166375e+001	
2.407596e+002	1.288338e+002	1.113758e+002	
1.586091e+002	8.835573e+001	7.739771e+001	
2.532944e+002	1.518190e+002	1.359911e+002	
1.766781e+002	1.070208e+002	9.615572e+001	
2.556917e+002	1.665014e+002	1.525895e+002	
1.970888e+002	1.313326e+002	1.210760e+002	
1.381697e+002	1.120270e+002	1.079493e+002	
1.675012e+002	1.306686e+002	1.249236e+002	
2.046956e+002	1.573366e+002	1.499495e+002	
2.677207e+002	2.033523e+002	1.933122e+002	
4.449312e+002	3.546983e+002	3.406240e+002	
6.893757e+002	6.059022e+002	5.928820e+002	
3.482422e+002	2.600656e+002	2.463118e+002	
1.836492e+002	1.378187e+002	1.306702e+002	
1.367205e+002	1.103749e+002	1.062655e+002	
1.141263e+002	9.720152e+001	9.456171e+001	
1.084976e+002	9.740712e+001	9.567729e+001	
9.910302e+001	9.142117e+001	9.022288e+001	
3.759369e+001	1.432169e+001	1.069419e+001	
5.844884e+001	2.619522e+001	2.116435e+001	
8.178932e+001	3.958949e+001	3.300916e+001	
1.542357e+002	9.395448e+001	8.456184e+001	
3.300083e+002	2.410600e+002	2.271957e+002	
6.364393e+002	5.407783e+002	5.258669e+002	
4.119753e+002	3.079008e+002	2.917148e+002	
1.871623e+002	1.275498e+002	1.182692e+002	
1.107350e+002	7.022189e+001	6.391578e+001	
7.000187e+001	3.823158e+001	3.328717e+001	
5.710833e+001	3.179306e+001	2.784773e+001	
3.640142e+001	1.789329e+001	1.500991e+001	
1.469574e+002	1.215123e+002	1.175434e+002	
1.664904e+002	1.302337e+002	1.245784e+002	
1.942289e+002	1.477539e+002	1.405048e+002	
2.736331e+002	2.091387e+002	1.990790e+002	
4.525179e+002	3.645848e+002	3.508693e+002	
6.851906e+002	6.091227e+002	5.972582e+002	
5.580939e+002	5.156650e+002	5.090470e+002	
4.218875e+002	3.827115e+002	3.766010e+002	
3.673889e+002	3.346312e+002	3.295215e+002	
3.484857e+002	3.222704e+002	3.181813e+002	
3.250776e+002	3.049438e+002	3.018035e+002	
3.172307e+002	3.031043e+002	3.009009e+002	
4.731323e+002	4.171347e+002	4.084001e+002	
3.303905e+002	2.901790e+002	2.839068e+002	
2.773754e+002	2.477088e+002	2.430815e+002	
2.527912e+002	2.292839e+002	2.256170e+002	
2.487652e+002	2.290064e+002	2.259247e+002	
2.448618e+002	2.288903e+002	2.263990e+002	
4.294229e+002	3.327628e+002	3.177058e+002	
2.479356e+002	1.912314e+002	1.824078e+002	
1.802450e+002	1.383934e+002	1.318849e+002	
1.434664e+002	1.099112e+002	1.046915e+002	
1.236020e+002	9.853364e+001	9.463313e+001	
1.153158e+002	9.620267e+001	9.322659e+001	
4.952049e+002	4.324597e+002	4.227215e+002	
3.724912e+002	3.214969e+002	3.135970e+002	
3.195029e+002	2.791292e+002	2.728813e+002	
2.932820e+002	2.566717e+002	2.509959e+002	
2.776434e+002	2.481777e+002	2.436084e+002	
2.592738e+002	2.349770e+002	2.312067e+002	
4.580665e+002	3.389265e+002	3.204864e+002	
2.186894e+002	1.216235e+002	1.066061e+002	
1.463784e+002	6.596540e+001	5.351897e+001	
1.080200e+002	3.817928e+001	2.736048e+001	
8.827331e+001	2.962552e+001	2.054331e+001	
6.480932e+001	2.339208e+001	1.697876e+001	
5.378231e+002	4.156305e+002	3.967278e+002	
2.959358e+002	1.781762e+002	1.599771e+002	
1.933911e+002	8.964182e+001	7.359689e+001	
1.543340e+002	6.230746e+001	4.807995e+001	
1.189288e+002	3.993948e+001	2.772388e+001	
8.079169e+001	2.686935e+001	1.854502e+001	
3.302781e+002	2.888051e+002	2.823484e+002	
3.746617e+002	3.212914e+002	3.129836e+002	
4.358658e+002	3.744148e+002	3.648496e+002	
5.153846e+002	4.518889e+002	4.420071e+002	
6.319811e+002	5.717366e+002	5.623593e+002	
6.922153e+002	6.433626e+002	6.357545e+002	
5.994011e+002	5.992153e+002	5.991863e+002	
5.964429e+002	5.957686e+002	5.956633e+002	
5.977573e+002	5.968641e+002	5.967248e+002	
5.968156e+002	5.963033e+002	5.962234e+002	
5.989414e+002	5.983608e+002	5.982701e+002	
5.992451e+002	5.987875e+002	5.987160e+002	
5.962705e+002	5.959291e+002	5.958759e+002	
6.011292e+002	6.007504e+002	6.006913e+002	
6.005902e+002	6.004329e+002	6.004084e+002	
5.953395e+002	5.952503e+002	5.952364e+002	
5.997346e+002	5.996908e+002	5.996840e+002	
5.977169e+002	5.977169e+002	5.977169e+002	
6.024298e+002	6.024298e+002	6.024298e+002	
6.017656e+002	6.016101e+002	6.015859e+002	
6.060341e+002	6.056935e+002	6.056403e+002	
6.015868e+002	6.015868e+002	6.015868e+002	
6.005309e+002	6.003585e+002	6.003317e+002	
5.965358e+002	5.965358e+002	5.965358e+002	
4.145418e+002	3.693524e+002	3.623199e+002	
4.674677e+002	4.075668e+002	3.982394e+002	
5.173920e+002	4.462702e+002	4.351879e+002	
5.766194e+002	4.986380e+002	4.864779e+002	
6.540873e+002	5.803822e+002	5.688889e+002	
7.074049e+002	6.429216e+002	6.328751e+002	
4.391209e+002	3.169289e+002	2.978747e+002	
2.860398e+002	1.824156e+002	1.662725e+002	
2.195665e+002	1.297583e+002	1.157623e+002	
1.814423e+002	1.053500e+002	9.349759e+001	
1.516304e+002	8.850036e+001	7.867330e+001	
1.235955e+002	7.844872e+001	7.142155e+001	
2.434375e+002	1.835248e+002	1.742160e+002	
2.942499e+002	2.197921e+002	2.082052e+002	
3.442407e+002	2.575092e+002	2.440137e+002	
4.095060e+002	3.147251e+002	2.999793e+002	
5.132052e+002	4.108064e+002	3.948558e+002	
6.823940e+002	5.894568e+002	5.749850e+002	
5.121428e+002	4.210180e+002	4.069080e+002	
3.751046e+002	3.033103e+002	2.922367e+002	
3.225576e+002	2.627858e+002	2.535553e+002	
3.024406e+002	2.535360e+002	2.459723e+002	
2.890902e+002	2.497133e+002	2.436332e+002	
2.684490e+002	2.400579e+002	2.356744e+002	
3.103052e+002	2.587582e+002	2.507360e+002	
3.630866e+002	2.937961e+002	2.830053e+002	
4.443146e+002	3.586125e+002	3.452619e+002	
5.350450e+002	4.389670e+002	4.239859e+002	
6.474388e+002	5.583622e+002	5.444816e+002	
7.195455e+002	6.395837e+002	6.271238e+002	
6.448577e+002	5.639846e+002	5.513746e+002	
5.193756e+002	4.343684e+002	4.211120e+002	
4.169109e+002	3.370767e+002	3.246453e+002	
3.331952e+002	2.663331e+002	2.559134e+002	
2.651573e+002	2.104681e+002	2.019436e+002	
2.209502e+002	1.767454e+002	1.698695e+002	
6.058075e+002	5.221918e+002	5.091530e+002	
4.537999e+002	3.694039e+002	3.562505e+002	
3.597488e+002	2.836792e+002	2.718167e+002	
2.860699e+002	2.219634e+002	2.119773e+002	
2.306745e+002	1.797088e+002	1.717736e+002	
1.983302e+002	1.574105e+002	1.510278e+002	
6.304320e+001	2.772769e+001	2.221921e+001	
8.074049e+001	3.222454e+001	2.465708e+001	
1.064494e+002	4.636738e+001	3.699588e+001	
1.559896e+002	7.961809e+001	6.770573e+001	
2.822521e+002	1.781262e+002	1.618848e+002	
6.277593e+002	5.146824e+002	4.970449e+002	
4.159289e+002	3.269542e+002	3.130928e+002	
2.447754e+002	1.872365e+002	1.782727e+002	
1.810244e+002	1.378159e+002	1.310806e+002	
1.400896e+002	1.048870e+002	9.941036e+001	
1.143563e+002	8.591832e+001	8.148766e+001	
9.541449e+001	7.397689e+001	7.063623e+001	
5.240245e+002	4.440550e+002	4.316291e+002	
3.769927e+002	3.069812e+002	2.960955e+002	
3.059491e+002	2.452033e+002	2.357575e+002	
2.519622e+002	1.998769e+002	1.917774e+002	
2.022237e+002	1.606651e+002	1.542064e+002	
1.858772e+002	1.516520e+002	1.463444e+002	
3.633240e+002	2.699979e+002	2.555372e+002	
2.133510e+002	1.586090e+002	1.501057e+002	
1.649575e+002	1.220150e+002	1.153469e+002	
1.305621e+002	9.361479e+001	8.788496e+001	
1.041843e+002	7.514543e+001	7.063700e+001	
8.623503e+001	6.132107e+001	5.745087e+001	
1.592710e+002	1.285271e+002	1.238057e+002	
1.950247e+002	1.547440e+002	1.485552e+002	
2.371175e+002	1.859916e+002	1.781618e+002	
2.962389e+002	2.317797e+002	2.218788e+002	
4.299511e+002	3.461816e+002	3.332604e+002	
6.457496e+002	5.466996e+002	5.313463e+002	
4.264637e+002	2.952152e+002	2.749271e+002	
2.071203e+002	1.067810e+002	9.137061e+001	
1.347818e+002	5.694872e+001	4.501513e+001	
9.938004e+001	3.762813e+001	2.817065e+001	
7.601495e+001	2.697532e+001	1.946521e+001	
5.164964e+001	1.683706e+001	1.152064e+001	
2.394854e+002	1.877428e+002	1.797613e+002	
2.968627e+002	2.273813e+002	2.166561e+002	
3.733162e+002	2.916578e+002	2.790381e+002	
4.640406e+002	3.714030e+002	3.570958e+002	
6.034869e+002	5.146569e+002	5.009288e+002	
7.116519e+002	6.313767e+002	6.189379e+002	
6.371818e+002	5.669152e+002	5.559551e+002	
5.036751e+002	4.271440e+002	4.152068e+002	
4.043510e+002	3.329506e+002	3.218188e+002	
3.185141e+002	2.566583e+002	2.470101e+002	
2.726414e+002	2.260244e+002	2.187531e+002	
2.324006e+002	1.946326e+002	1.887511e+002	
6.372004e+002	5.681900e+002	5.574274e+002	
5.160553e+002	4.395365e+002	4.276029e+002	
4.126856e+002	3.391566e+002	3.276927e+002	
3.316451e+002	2.685458e+002	2.587036e+002	
2.678508e+002	2.178760e+002	2.100864e+002	
2.297266e+002	1.895168e+002	1.832449e+002	
6.443810e+002	5.719609e+002	5.606650e+002	
5.283816e+002	4.469044e+002	4.341959e+002	
4.207836e+002	3.441176e+002	3.321592e+002	
3.246564e+002	2.583822e+002	2.480448e+002	
2.643026e+002	2.124454e+002	2.043569e+002	
2.307361e+002	1.891502e+002	1.826652e+002	
5.989651e+002	5.989651e+002	5.989651e+002	
6.011470e+002	6.011470e+002	6.011470e+002	
6.000542e+002	6.000542e+002	6.000542e+002	
5.951304e+002	5.949496e+002	5.949215e+002	
5.963629e+002	5.963629e+002	5.963629e+002	
5.963629e+002	5.963629e+002	5.963629e+002	
5.976221e+002	5.976221e+002	5.976221e+002	
6.007863e+002	6.007863e+002	6.007863e+002	
6.055859e+002	6.054312e+002	6.054071e+002	
5.961869e+002	5.961869e+002	5.961869e+002	
6.021091e+002	6.021091e+002	6.021091e+002	
6.003961e+002	6.003961e+002	6.003961e+002	
5.976221e+002	5.976221e+002	5.976221e+002	
6.059745e+002	6.059745e+002	6.059745e+002	
6.056005e+002	6.054458e+002	6.054217e+002	
5.961869e+002	5.961869e+002	5.961869e+002	
5.949161e+002	5.949161e+002	5.949161e+002	
6.003961e+002	6.003961e+002	6.003961e+002	
4.408220e+002	3.957246e+002	3.887478e+002	
4.744311e+002	4.179746e+002	4.092262e+002	
5.120153e+002	4.497010e+002	4.400540e+002	
5.657886e+002	4.992398e+002	4.889397e+002	
6.231725e+002	5.636415e+002	5.544389e+002	
6.794507e+002	6.301116e+002	6.224948e+002	
3.844980e+002	2.347543e+002	2.114003e+002	
2.324714e+002	9.517142e+001	7.376142e+001	
1.842167e+002	5.914007e+001	3.963435e+001	
1.619996e+002	4.520524e+001	2.699090e+001	
1.424342e+002	4.091992e+001	2.508961e+001	
1.019349e+002	2.892762e+001	1.754319e+001	
2.017342e+002	1.525625e+002	1.449550e+002	
2.366054e+002	1.784525e+002	1.694601e+002	
2.740302e+002	2.079099e+002	1.976662e+002	
3.235299e+002	2.525393e+002	2.415394e+002	
4.105280e+002	3.298267e+002	3.173194e+002	
5.926415e+002	5.014342e+002	4.872682e+002	
4.358191e+002	4.233701e+002	4.214713e+002	
4.550847e+002	4.382732e+002	4.357148e+002	
4.643771e+002	4.428410e+002	4.395620e+002	
4.970759e+002	4.724291e+002	4.686655e+002	
5.742268e+002	5.407549e+002	5.356115e+002	
6.873064e+002	6.498594e+002	6.440861e+002	
3.343060e+002	3.104486e+002	3.067946e+002	
3.516375e+002	3.217870e+002	3.172025e+002	
3.647466e+002	3.294791e+002	3.240504e+002	
4.140582e+002	3.707886e+002	3.641278e+002	
4.749453e+002	4.205124e+002	4.121231e+002	
6.592408e+002	5.948203e+002	5.848566e+002	
3.402565e+002	2.685109e+002	2.574319e+002	
2.500624e+002	1.995484e+002	1.917790e+002	
2.230582e+002	1.789214e+002	1.721549e+002	
2.134987e+002	1.722993e+002	1.659685e+002	
1.946691e+002	1.600809e+002	1.547536e+002	
1.839977e+002	1.572709e+002	1.531494e+002	
1.507869e+002	5.018441e+001	3.457360e+001	
1.646295e+002	5.160853e+001	3.409442e+001	
1.814832e+002	6.230616e+001	4.385130e+001	
2.052291e+002	8.076565e+001	6.150132e+001	
2.808469e+002	1.463625e+002	1.255336e+002	
6.055158e+002	4.740008e+002	4.536507e+002	
6.033015e+002	5.714773e+002	5.666660e+002	
5.558583e+002	5.193792e+002	5.138691e+002	
5.266423e+002	4.926005e+002	4.874552e+002	
5.051227e+002	4.750286e+002	4.704656e+002	
4.887671e+002	4.644069e+002	4.607168e+002	
4.836693e+002	4.662849e+002	4.636435e+002	
6.154277e+002	5.829638e+002	5.780557e+002	
5.856052e+002	5.471738e+002	5.413689e+002	
5.499069e+002	5.143612e+002	5.089887e+002	
5.311815e+002	4.995349e+002	4.947364e+002	
5.110355e+002	4.855654e+002	4.817072e+002	
5.089120e+002	4.906203e+002	4.878410e+002	
1.724456e+002	1.385198e+002	1.333045e+002	
2.105820e+002	1.641589e+002	1.570321e+002	
2.606388e+002	2.036066e+002	1.948589e+002	
3.462759e+002	2.767188e+002	2.660799e+002	
5.159857e+002	4.299333e+002	4.167526e+002	
6.849117e+002	6.105250e+002	5.991506e+002	
4.089486e+002	3.100831e+002	2.946980e+002	
1.959116e+002	1.286387e+002	1.181692e+002	
1.182931e+002	7.231094e+001	6.515173e+001	
8.270342e+001	4.758572e+001	4.211777e+001	
6.667152e+001	3.899279e+001	3.467650e+001	
4.999452e+001	3.078722e+001	2.779192e+001	
4.850935e+001	2.350003e+001	1.964053e+001	
6.911168e+001	3.366953e+001	2.818085e+001	
1.056146e+002	6.048233e+001	5.350076e+001	
1.993463e+002	1.376845e+002	1.281700e+002	
3.703024e+002	2.796271e+002	2.656012e+002	
6.550380e+002	5.664062e+002	5.526977e+002	
4.564177e+002	3.619337e+002	3.473147e+002	
2.471207e+002	1.914824e+002	1.828872e+002	
1.648040e+002	1.310814e+002	1.258894e+002	
1.337537e+002	1.115992e+002	1.082015e+002	
1.259371e+002	1.108092e+002	1.084944e+002	
1.187319e+002	1.083054e+002	1.067139e+002	
1.409534e+002	1.045515e+002	9.888791e+001	
1.651583e+002	1.177446e+002	1.103718e+002	
2.016337e+002	1.442629e+002	1.353509e+002	
2.671941e+002	1.956742e+002	1.845925e+002	
4.373590e+002	3.432612e+002	3.286944e+002	
6.792582e+002	5.938535e+002	5.806657e+002	
6.355460e+002	5.682476e+002	5.577502e+002	
5.235491e+002	4.480405e+002	4.362628e+002	
4.414385e+002	3.734888e+002	3.628903e+002	
3.823000e+002	3.252317e+002	3.163304e+002	
3.395518e+002	2.971980e+002	2.905917e+002	
3.049761e+002	2.732741e+002	2.683292e+002	
6.340527e+002	5.843580e+002	5.766069e+002	
5.648213e+002	5.080592e+002	4.992055e+002	
5.151292e+002	4.649673e+002	4.571432e+002	
4.781817e+002	4.353270e+002	4.286426e+002	
4.402926e+002	4.084412e+002	4.034731e+002	
4.167278e+002	3.915653e+002	3.876439e+002	
6.268708e+002	5.877744e+002	5.816765e+002	
5.844044e+002	5.392673e+002	5.322269e+002	
5.563152e+002	5.142219e+002	5.076563e+002	
5.304818e+002	4.925386e+002	4.866202e+002	
4.941008e+002	4.646179e+002	4.600193e+002	
4.732467e+002	4.450082e+002	4.406037e+002	
6.252886e+002	6.141191e+002	6.123768e+002	
6.410979e+002	6.256844e+002	6.232800e+002	
6.397890e+002	6.228830e+002	6.202462e+002	
6.496741e+002	6.314880e+002	6.286515e+002	
6.543795e+002	6.389392e+002	6.365311e+002	
6.663921e+002	6.506684e+002	6.482161e+002	
4.130025e+002	2.740563e+002	2.523835e+002	
2.533786e+002	1.240237e+002	1.038470e+002	
2.237624e+002	9.968401e+001	8.033040e+001	
2.107133e+002	8.876308e+001	6.974145e+001	
1.900680e+002	7.878846e+001	6.143120e+001	
1.525942e+002	7.221859e+001	5.968169e+001	
5.323027e+002	3.907166e+002	3.686323e+002	
3.371539e+002	1.840316e+002	1.601477e+002	
2.845641e+002	1.365454e+002	1.134577e+002	
2.664339e+002	1.232347e+002	1.008986e+002	
2.427259e+002	1.140578e+002	9.398828e+001	
1.862358e+002	9.746300e+001	8.361633e+001	
4.562902e+002	4.350922e+002	4.319718e+002	
4.596043e+002	4.339987e+002	4.301405e+002	
4.700179e+002	4.422778e+002	4.380984e+002	
4.883500e+002	4.566581e+002	4.518555e+002	
5.577484e+002	5.130963e+002	5.062173e+002	
7.096629e+002	6.640345e+002	6.569706e+002	
1.476837e+002	1.292439e+002	1.264161e+002	
1.527027e+002	1.324003e+002	1.292655e+002	
1.586498e+002	1.350979e+002	1.314669e+002	
1.674949e+002	1.393831e+002	1.350290e+002	
2.015815e+002	1.592019e+002	1.526314e+002	
4.863877e+002	4.024439e+002	3.893717e+002	
6.153340e+002	5.705023e+002	5.636256e+002	
5.565930e+002	5.060077e+002	4.983148e+002	
5.219922e+002	4.759258e+002	4.688799e+002	
5.071909e+002	4.628850e+002	4.561228e+002	
4.961921e+002	4.585356e+002	4.527795e+002	
4.700432e+002	4.435665e+002	4.395100e+002	
5.607023e+002	5.002496e+002	4.908960e+002	
4.669797e+002	4.175802e+002	4.099803e+002	
4.390580e+002	3.956264e+002	3.889391e+002	
4.211055e+002	3.799113e+002	3.736017e+002	
4.199025e+002	3.807431e+002	3.747632e+002	
4.107626e+002	3.775900e+002	3.724959e+002	
6.600332e+002	6.597162e+002	6.596669e+002	
6.555398e+002	6.555398e+002	6.555398e+002	
6.600856e+002	6.597746e+002	6.597260e+002	
6.596032e+002	6.590703e+002	6.589871e+002	
6.555701e+002	6.548877e+002	6.547813e+002	
6.579202e+002	6.575670e+002	6.575119e+002	
3.655298e+002	2.567133e+002	2.397403e+002	
2.901419e+002	1.880328e+002	1.721061e+002	
2.805654e+002	1.790617e+002	1.632293e+002	
2.839427e+002	1.827976e+002	1.670211e+002	
2.839933e+002	1.855163e+002	1.701560e+002	
2.497731e+002	1.730086e+002	1.610349e+002	
4.891948e+002	4.524525e+002	4.467748e+002	
4.919814e+002	4.547551e+002	4.489699e+002	
4.952658e+002	4.574825e+002	4.516193e+002	
4.929070e+002	4.553131e+002	4.494610e+002	
5.104466e+002	4.676609e+002	4.610109e+002	
6.248774e+002	5.773742e+002	5.699760e+002	
5.032714e+002	4.183873e+002	4.052155e+002	
4.232580e+002	3.453903e+002	3.333021e+002	
4.247036e+002	3.492205e+002	3.375074e+002	
4.154863e+002	3.389282e+002	3.270665e+002	
4.171754e+002	3.416088e+002	3.299154e+002	
4.030416e+002	3.444676e+002	3.353951e+002	
6.594754e+002	6.594754e+002	6.594754e+002	
6.604285e+002	6.604285e+002	6.604285e+002	
6.605801e+002	6.605801e+002	6.605801e+002	
6.539864e+002	6.539864e+002	6.539864e+002	
6.511588e+002	6.511588e+002	6.511588e+002	
6.535509e+002	6.535509e+002	6.535509e+002	
6.295156e+002	5.703953e+002	5.611736e+002	
5.584005e+002	4.934713e+002	4.833438e+002	
4.960010e+002	4.347684e+002	4.252173e+002	
4.487951e+002	3.977299e+002	3.897645e+002	
3.976957e+002	3.570132e+002	3.506676e+002	
3.839651e+002	3.531874e+002	3.483867e+002	
6.322151e+002	5.592714e+002	5.478936e+002	
5.272411e+002	4.470357e+002	4.345252e+002	
4.355311e+002	3.630126e+002	3.517011e+002	
3.681289e+002	3.075280e+002	2.980754e+002	
3.184732e+002	2.739486e+002	2.670039e+002	
2.868220e+002	2.540826e+002	2.489759e+002	
6.355558e+002	5.579587e+002	5.458555e+002	
4.971563e+002	4.127059e+002	3.995337e+002	
3.993855e+002	3.233456e+002	3.114849e+002	
3.345233e+002	2.711527e+002	2.612682e+002	
2.723221e+002	2.233719e+002	2.157367e+002	
2.477382e+002	2.132251e+002	2.078418e+002	
5.753065e+002	5.514391e+002	5.477166e+002	
5.928030e+002	5.616555e+002	5.567975e+002	
6.035060e+002	5.685316e+002	5.630766e+002	
6.198646e+002	5.841400e+002	5.785677e+002	
6.542964e+002	6.205637e+002	6.153023e+002	
6.832238e+002	6.566816e+002	6.525418e+002	
3.893061e+002	2.306855e+002	2.059441e+002	
2.608205e+002	1.105062e+002	8.706037e+001	
2.305407e+002	8.575105e+001	6.316693e+001	
2.041888e+002	6.701122e+001	4.561441e+001	
1.933319e+002	6.035275e+001	3.961084e+001	
1.528057e+002	5.033423e+001	3.435087e+001	
3.199149e+002	2.815647e+002	2.756164e+002	
3.275379e+002	2.816039e+002	2.744716e+002	
3.481669e+002	2.983307e+002	2.905831e+002	
3.678563e+002	3.132982e+002	3.047990e+002	
4.310439e+002	3.670849e+002	3.571203e+002	
5.986541e+002	5.234970e+002	5.118115e+002	
5.338115e+002	5.244634e+002	5.230592e+002	
5.356090e+002	5.245914e+002	5.229070e+002	
5.443376e+002	5.296580e+002	5.274296e+002	
5.482753e+002	5.332038e+002	5.309015e+002	
5.968926e+002	5.709798e+002	5.670010e+002	
6.964625e+002	6.669753e+002	6.624047e+002	
4.255811e+002	4.053332e+002	4.022370e+002	
4.291763e+002	4.056725e+002	4.020540e+002	
4.397796e+002	4.148412e+002	4.110137e+002	
4.508194e+002	4.213695e+002	4.168087e+002	
4.986083e+002	4.577543e+002	4.514268e+002	
6.779635e+002	6.229770e+002	6.144453e+002	
3.498849e+002	2.665076e+002	2.536345e+002	
2.442555e+002	1.785005e+002	1.684104e+002	
2.186169e+002	1.562726e+002	1.467591e+002	
1.940230e+002	1.374233e+002	1.287688e+002	
1.776656e+002	1.252155e+002	1.171910e+002	
1.559407e+002	1.175981e+002	1.117183e+002	
1.548807e+002	4.170130e+001	2.413868e+001	
1.739882e+002	4.685958e+001	2.717289e+001	
1.876972e+002	5.683026e+001	3.656773e+001	
2.098950e+002	7.350497e+001	5.239815e+001	
2.913313e+002	1.448915e+002	1.222251e+002	
5.980682e+002	4.577959e+002	4.360631e+002	
6.287483e+002	5.808240e+002	5.735096e+002	
5.874968e+002	5.294013e+002	5.205775e+002	
5.435114e+002	4.845417e+002	4.756133e+002	
5.179708e+002	4.636022e+002	4.553609e+002	
4.932631e+002	4.467805e+002	4.397187e+002	
4.717989e+002	4.369741e+002	4.316707e+002	
6.428494e+002	5.938502e+002	5.863718e+002	
6.156965e+002	5.548125e+002	5.455651e+002	
5.756542e+002	5.131971e+002	5.037407e+002	
5.463652e+002	4.890161e+002	4.803231e+002	
5.185908e+002	4.697215e+002	4.622971e+002	
4.990241e+002	4.621897e+002	4.565803e+002	
6.551003e+002	6.518616e+002	6.513820e+002	
6.574128e+002	6.544864e+002	6.540489e+002	
6.571317e+002	6.532698e+002	6.526928e+002	
6.610428e+002	6.573461e+002	6.567954e+002	
6.655724e+002	6.626737e+002	6.622428e+002	
6.591270e+002	6.563034e+002	6.558807e+002	
4.441893e+002	3.422892e+002	3.264565e+002	
3.243182e+002	2.242332e+002	2.086998e+002	
2.978422e+002	2.016139e+002	1.866776e+002	
2.905201e+002	1.970118e+002	1.824857e+002	
2.739189e+002	1.842780e+002	1.703487e+002	
2.474704e+002	1.816237e+002	1.713993e+002	
4.781119e+002	4.482381e+002	4.436312e+002	
4.813436e+002	4.489056e+002	4.438842e+002	
4.705569e+002	4.377030e+002	4.326072e+002	
4.791755e+002	4.424868e+002	4.368043e+002	
5.205374e+002	4.764004e+002	4.695590e+002	
6.499949e+002	6.061395e+002	5.993199e+002	
5.148012e+002	4.159963e+002	4.006577e+002	
4.209643e+002	3.314760e+002	3.176109e+002	
3.870083e+002	3.015723e+002	2.883369e+002	
3.795236e+002	2.959968e+002	2.830507e+002	
3.699924e+002	2.892942e+002	2.768063e+002	
3.473649e+002	2.869692e+002	2.776275e+002	
6.494735e+002	6.430964e+002	6.421421e+002	
6.479340e+002	6.400429e+002	6.388656e+002	
6.491478e+002	6.405789e+002	6.393028e+002	
6.617292e+002	6.529758e+002	6.516724e+002	
6.628126e+002	6.551511e+002	6.540062e+002	
6.626306e+002	6.565675e+002	6.556653e+002	
6.331729e+002	5.480222e+002	5.352725e+002	
5.064515e+002	4.073925e+002	3.925296e+002	
4.070074e+002	3.120009e+002	2.977592e+002	
3.317059e+002	2.491509e+002	2.367708e+002	
2.722715e+002	2.079012e+002	1.982782e+002	
2.345153e+002	1.843493e+002	1.768376e+002	
6.370632e+002	5.483141e+002	5.350049e+002	
5.073194e+002	4.004190e+002	3.844186e+002	
4.106705e+002	3.059729e+002	2.902799e+002	
3.414162e+002	2.511988e+002	2.376420e+002	
2.841011e+002	2.129396e+002	2.022394e+002	
2.496611e+002	1.939297e+002	1.855422e+002	
6.350330e+002	5.442100e+002	5.306110e+002	
5.122145e+002	4.030455e+002	3.867171e+002	
4.152026e+002	3.072655e+002	2.911099e+002	
3.421159e+002	2.442169e+002	2.295180e+002	
2.837263e+002	2.066513e+002	1.950279e+002	
2.461377e+002	1.869792e+002	1.780570e+002	
2.327440e+002	1.869194e+002	1.798570e+002	
3.104668e+002	2.495599e+002	2.401568e+002	
3.999771e+002	3.297902e+002	3.189428e+002	
4.960990e+002	4.159998e+002	4.036181e+002	
6.192949e+002	5.424103e+002	5.305158e+002	
7.024239e+002	6.331976e+002	6.224761e+002	
3.940957e+002	2.652134e+002	2.451106e+002	
1.986545e+002	9.776128e+001	8.202401e+001	
1.343816e+002	5.501677e+001	4.263755e+001	
9.907499e+001	3.648172e+001	2.671849e+001	
7.131532e+001	2.464385e+001	1.736409e+001	
4.782394e+001	1.731227e+001	1.255308e+001	
5.134426e+002	3.839104e+002	3.637064e+002	
2.782235e+002	1.559125e+002	1.368346e+002	
1.738320e+002	7.586301e+001	6.058195e+001	
1.241951e+002	4.626188e+001	3.410598e+001	
9.299749e+001	3.606948e+001	2.718990e+001	
5.739315e+001	2.099277e+001	1.531508e+001	
1.059230e+002	8.593268e+001	8.288851e+001	
1.386983e+002	1.127397e+002	1.087511e+002	
1.795942e+002	1.458189e+002	1.406457e+002	
2.350049e+002	1.914094e+002	1.847020e+002	
3.560292e+002	2.873130e+002	2.766724e+002	
6.587556e+002	5.709410e+002	5.572983e+002	
2.349214e+002	1.976492e+002	1.919599e+002	
2.839550e+002	2.358173e+002	2.284641e+002	
3.601805e+002	3.022601e+002	2.933898e+002	
4.498995e+002	3.807925e+002	3.702351e+002	
5.906000e+002	5.106568e+002	4.983376e+002	
7.209135e+002	6.444091e+002	6.326176e+002	
6.012072e+002	5.251028e+002	5.135406e+002	
4.693362e+002	3.893436e+002	3.772112e+002	
3.713945e+002	3.001959e+002	2.894215e+002	
2.904569e+002	2.301879e+002	2.210848e+002	
2.351818e+002	1.884310e+002	1.813728e+002	
2.098893e+002	1.732972e+002	1.678009e+002	
5.460439e+002	4.569707e+002	4.433331e+002	
4.033829e+002	3.294793e+002	3.182306e+002	
3.127540e+002	2.511097e+002	2.417923e+002	
2.411473e+002	1.893416e+002	1.815005e+002	
1.917351e+002	1.499979e+002	1.437144e+002	
1.603330e+002	1.269428e+002	1.219057e+002	
1.384733e+002	1.075576e+002	1.027704e+002	
1.799086e+002	1.362038e+002	1.294037e+002	
2.562478e+002	1.993407e+002	1.904934e+002	
3.665826e+002	2.924592e+002	2.809215e+002	
5.418212e+002	4.577485e+002	4.446588e+002	
6.973589e+002	6.202643e+002	6.082553e+002	
3.500797e+002	2.410032e+002	2.239895e+002	
1.941137e+002	1.188891e+002	1.071557e+002	
1.309350e+002	7.565085e+001	6.702772e+001	
9.393576e+001	5.111264e+001	4.443314e+001	
6.772737e+001	3.454790e+001	2.937259e+001	
5.269175e+001	2.938857e+001	2.575378e+001	
6.679696e+001	3.674401e+001	3.206295e+001	
9.975960e+001	5.732434e+001	5.071364e+001	
1.428858e+002	8.660248e+001	7.783115e+001	
2.479571e+002	1.739227e+002	1.623892e+002	
4.022110e+002	3.080172e+002	2.933373e+002	
6.481918e+002	5.525253e+002	5.376029e+002	
4.539028e+002	3.589813e+002	3.442799e+002	
2.788185e+002	2.157988e+002	2.060417e+002	
2.083690e+002	1.662715e+002	1.597726e+002	
1.661214e+002	1.368175e+002	1.323094e+002	
1.377805e+002	1.152021e+002	1.117298e+002	
1.262221e+002	1.098212e+002	1.073111e+002	
1.655533e+002	1.251183e+002	1.188212e+002	
2.160271e+002	1.633561e+002	1.551522e+002	
2.770397e+002	2.135637e+002	2.036714e+002	
3.599012e+002	2.835305e+002	2.716225e+002	
5.386723e+002	4.521705e+002	4.386851e+002	
7.019164e+002	6.213338e+002	6.087780e+002	
1.728051e+002	1.364761e+002	1.309128e+002	
2.169945e+002	1.659461e+002	1.581400e+002	
2.713857e+002	2.056216e+002	1.955460e+002	
3.506296e+002	2.662409e+002	2.533223e+002	
5.307663e+002	4.322815e+002	4.172339e+002	
7.210615e+002	6.380544e+002	6.254274e+002	
3.783437e+002	2.756536e+002	2.597980e+002	
2.163100e+002	1.459779e+002	1.351713e+002	
1.557830e+002	1.039181e+002	9.600112e+001	
1.159855e+002	7.701366e+001	7.110040e+001	
9.130042e+001	6.269538e+001	5.835939e+001	
7.325381e+001	5.052116e+001	4.708479e+001	
5.763276e+001	3.000546e+001	2.579296e+001	
9.269959e+001	5.311869e+001	4.709114e+001	
1.337926e+002	7.959885e+001	7.130024e+001	
2.213473e+002	1.483962e+002	1.372236e+002	
3.993001e+002	3.069196e+002	2.927609e+002	
6.548101e+002	5.583535e+002	5.435467e+002	
4.309755e+002	3.194720e+002	3.021775e+002	
2.220972e+002	1.502112e+002	1.390753e+002	
1.423699e+002	9.120883e+001	8.328136e+001	
9.160178e+001	5.496274e+001	4.929193e+001	
6.962660e+001	4.304405e+001	3.891605e+001	
4.796761e+001	2.757658e+001	2.441055e+001	
1.269474e+002	8.514465e+001	7.881136e+001	
1.718703e+002	1.138727e+002	1.050537e+002	
2.387584e+002	1.645003e+002	1.531926e+002	
3.508711e+002	2.592818e+002	2.453397e+002	
5.483079e+002	4.517870e+002	4.370814e+002	
7.246572e+002	6.425621e+002	6.300901e+002	
5.767579e+002	4.987000e+002	4.867866e+002	
4.053672e+002	3.255069e+002	3.133344e+002	
2.922691e+002	2.223331e+002	2.117443e+002	
2.321689e+002	1.736811e+002	1.648257e+002	
1.874990e+002	1.415684e+002	1.346447e+002	
1.603470e+002	1.235861e+002	1.180691e+002	
4.873027e+002	4.023055e+002	3.892544e+002	
3.078021e+002	2.344203e+002	2.232265e+002	
2.185445e+002	1.587710e+002	1.497062e+002	
1.723284e+002	1.250941e+002	1.179527e+002	
1.314241e+002	9.291893e+001	8.709541e+001	
1.143725e+002	8.386791e+001	7.927251e+001	
4.390188e+002	3.438232e+002	3.291055e+002	
2.607957e+002	2.036099e+002	1.948118e+002	
1.872599e+002	1.469567e+002	1.407823e+002	
1.430298e+002	1.119521e+002	1.072069e+002	
1.204445e+002	9.703809e+001	9.346458e+001	
1.011552e+002	8.438905e+001	8.183842e+001	
5.181395e+002	4.297896e+002	4.163525e+002	
3.658057e+002	2.887065e+002	2.769917e+002	
2.835211e+002	2.184383e+002	2.086307e+002	
2.206008e+002	1.641013e+002	1.555871e+002	
1.732583e+002	1.279426e+002	1.211252e+002	
1.465213e+002	1.119743e+002	1.067830e+002	
4.613536e+002	3.468969e+002	3.292229e+002	
2.132147e+002	1.248183e+002	1.111685e+002	
1.338258e+002	6.726580e+001	5.701604e+001	
9.227253e+001	4.129816e+001	3.344237e+001	
6.271271e+001	2.413400e+001	1.821168e+001	
4.707077e+001	2.128226e+001	1.733708e+001	
1.809484e+002	1.234203e+002	1.144808e+002	
1.164558e+002	7.214735e+001	6.528139e+001	
7.376833e+001	4.095501e+001	3.587511e+001	
5.507178e+001	3.044972e+001	2.662973e+001	
3.665977e+001	1.997901e+001	1.739668e+001	
3.165686e+001	1.728740e+001	1.506770e+001	
2.240628e+002	1.779766e+002	1.710451e+002	
2.871350e+002	2.251895e+002	2.158282e+002	
3.727918e+002	2.991197e+002	2.879715e+002	
4.813090e+002	3.988810e+002	3.864239e+002	
6.309685e+002	5.507969e+002	5.386517e+002	
7.267959e+002	6.593512e+002	6.491512e+002	
6.183944e+002	5.569211e+002	5.474721e+002	
5.258542e+002	4.539361e+002	4.429009e+002	
4.316783e+002	3.630545e+002	3.525187e+002	
3.594943e+002	3.003195e+002	2.912438e+002	
2.944585e+002	2.462788e+002	2.388943e+002	
2.561103e+002	2.181938e+002	2.123933e+002	
6.245392e+002	5.629356e+002	5.535092e+002	
5.350748e+002	4.654855e+002	4.548216e+002	
4.353628e+002	3.661659e+002	3.555734e+002	
3.624804e+002	3.006460e+002	2.911970e+002	
3.103277e+002	2.620873e+002	2.547207e+002	
2.804444e+002	2.406117e+002	2.345278e+002	
6.244998e+002	5.617368e+002	5.521729e+002	
5.336697e+002	4.612086e+002	4.501864e+002	
4.467940e+002	3.759357e+002	3.651294e+002	
3.727902e+002	3.111552e+002	3.017644e+002	
3.225854e+002	2.743099e+002	2.669615e+002	
2.910968e+002	2.517013e+002	2.457271e+002	
1.901229e+002	1.496645e+002	1.434944e+002	
3.731741e+002	3.158363e+002	3.070404e+002	
5.461306e+002	4.195120e+002	3.998114e+002	
6.571033e+002	5.121469e+002	4.895563e+002	
7.285475e+002	6.014126e+002	5.815881e+002	
7.697010e+002	6.599852e+002	6.428752e+002	
4.568521e+002	3.244320e+002	3.037771e+002	
3.214174e+002	1.964027e+002	1.769239e+002	
2.573355e+002	1.513572e+002	1.348626e+002	
1.899026e+002	1.167380e+002	1.054024e+002	
1.346123e+002	8.800870e+001	8.080701e+001	
8.591614e+001	5.779768e+001	5.347931e+001	
1.831866e+002	1.535587e+002	1.490779e+002	
3.160936e+002	2.672744e+002	2.598216e+002	
4.344671e+002	3.354599e+002	3.201254e+002	
5.296967e+002	3.973711e+002	3.767948e+002	
6.031642e+002	4.701071e+002	4.494096e+002	
7.308529e+002	6.087020e+002	5.896727e+002	
5.264557e+002	4.051917e+002	3.864525e+002	
3.775340e+002	2.658246e+002	2.485747e+002	
3.117915e+002	2.121703e+002	1.967444e+002	
2.352086e+002	1.602858e+002	1.487096e+002	
1.508660e+002	9.884438e+001	9.080617e+001	
1.019159e+002	7.031832e+001	6.543690e+001	
1.912117e+002	1.535931e+002	1.479509e+002	
4.042504e+002	3.492646e+002	3.409749e+002	
6.125093e+002	4.713878e+002	4.494599e+002	
7.230942e+002	5.641228e+002	5.393565e+002	
7.599252e+002	6.255231e+002	6.045670e+002	
8.090984e+002	6.659996e+002	6.436874e+002	
6.552073e+002	5.812232e+002	5.696887e+002	
5.471014e+002	4.655300e+002	4.528140e+002	
4.458586e+002	3.665052e+002	3.541476e+002	
3.601988e+002	2.933826e+002	2.829973e+002	
2.787167e+002	2.257521e+002	2.175295e+002	
2.204450e+002	1.760837e+002	1.691845e+002	
6.672697e+002	5.928187e+002	5.812075e+002	
5.864953e+002	5.051498e+002	4.924660e+002	
4.877638e+002	4.023434e+002	3.890368e+002	
3.875035e+002	3.214066e+002	3.111504e+002	
2.921049e+002	2.387351e+002	2.304670e+002	
2.322911e+002	1.901263e+002	1.835874e+002	
6.550941e+001	2.162433e+001	1.477918e+001	
8.974641e+001	3.090188e+001	2.172338e+001	
1.201881e+002	4.861522e+001	3.745135e+001	
1.625195e+002	7.404148e+001	6.024080e+001	
2.922974e+002	1.805609e+002	1.631322e+002	
6.302621e+002	5.147527e+002	4.967360e+002	
4.343727e+002	3.421392e+002	3.277916e+002	
2.613270e+002	1.971650e+002	1.871692e+002	
1.918311e+002	1.375604e+002	1.291093e+002	
1.561656e+002	1.111778e+002	1.041696e+002	
1.156664e+002	8.067603e+001	7.522784e+001	
9.521799e+001	6.671512e+001	6.227258e+001	
5.254147e+002	4.467078e+002	4.344784e+002	
3.935920e+002	3.259920e+002	3.154788e+002	
3.332310e+002	2.772183e+002	2.685125e+002	
2.711053e+002	2.252222e+002	2.181023e+002	
2.224220e+002	1.855676e+002	1.798634e+002	
1.868055e+002	1.563108e+002	1.515741e+002	
4.839881e+002	3.874053e+002	3.724202e+002	
3.539480e+002	2.841096e+002	2.732926e+002	
2.952352e+002	2.382350e+002	2.294222e+002	
2.419631e+002	1.987939e+002	1.921108e+002	
1.975939e+002	1.637671e+002	1.585420e+002	
1.732314e+002	1.467781e+002	1.427048e+002	
1.822382e+002	1.544566e+002	1.502141e+002	
2.301480e+002	1.883534e+002	1.819514e+002	
2.839182e+002	2.258130e+002	2.168803e+002	
3.434777e+002	2.649795e+002	2.528865e+002	
4.618279e+002	3.620658e+002	3.466685e+002	
6.732640e+002	5.620776e+002	5.448873e+002	
4.347920e+002	2.977396e+002	2.766286e+002	
2.273275e+002	1.148428e+002	9.752777e+001	
1.582385e+002	6.703295e+001	5.296466e+001	
1.204615e+002	4.634933e+001	3.494151e+001	
9.283130e+001	3.532848e+001	2.645208e+001	
7.071043e+001	3.183989e+001	2.585826e+001	
3.073683e+002	2.662582e+002	2.599551e+002	
3.907784e+002	3.366061e+002	3.283091e+002	
4.705771e+002	3.945753e+002	3.828911e+002	
5.573307e+002	4.637186e+002	4.493461e+002	
6.620552e+002	5.680922e+002	5.536411e+002	
7.428507e+002	6.511064e+002	6.369772e+002	
6.584713e+002	5.896465e+002	5.789109e+002	
5.191235e+002	4.409127e+002	4.287134e+002	
4.066178e+002	3.296797e+002	3.176790e+002	
3.325099e+002	2.659122e+002	2.555243e+002	
2.808467e+002	2.302591e+002	2.223685e+002	
2.349637e+002	1.950493e+002	1.888236e+002	
6.767078e+002	6.005098e+002	5.886245e+002	
5.426686e+002	4.595959e+002	4.466385e+002	
4.173159e+002	3.324189e+002	3.191768e+002	
3.230357e+002	2.481163e+002	2.364305e+002	
2.435767e+002	1.856831e+002	1.766529e+002	
2.148208e+002	1.691624e+002	1.620407e+002	
6.849090e+002	6.077875e+002	5.957582e+002	
5.561693e+002	4.748067e+002	4.621206e+002	
4.265315e+002	3.406788e+002	3.272875e+002	
3.311245e+002	2.551121e+002	2.432689e+002	
2.507473e+002	1.914062e+002	1.821503e+002	
2.043080e+002	1.572504e+002	1.499104e+002	
2.811126e+002	2.244509e+002	2.157475e+002	
3.585766e+002	2.872630e+002	2.764175e+002	
6.367031e+002	4.958604e+002	4.740618e+002	
7.067123e+002	5.726114e+002	5.518774e+002	
7.649651e+002	6.546259e+002	6.375824e+002	
7.839286e+002	6.813522e+002	6.655103e+002	
4.500654e+002	3.036831e+002	2.809215e+002	
3.570454e+002	2.057383e+002	1.822009e+002	
3.404037e+002	1.822788e+002	1.576785e+002	
0.000000e+000	0.000000e+000	0.000000e+000	
0.000000e+000	0.000000e+000	0.000000e+000	
0.000000e+000	0.000000e+000	0.000000e+000	
0.000000e+000	0.000000e+000	0.000000e+000	
6.149807e-002	1.390591e-002	6.482539e-003	
5.372787e+002	3.832213e+002	3.593331e+002	
5.472445e+002	4.089107e+002	3.875137e+002	
5.818817e+002	4.600174e+002	4.411702e+002	
7.115259e+002	5.891060e+002	5.702090e+002	
4.913584e+002	3.702799e+002	3.515438e+002	
3.717001e+002	2.643169e+002	2.477337e+002	
3.249153e+002	2.130996e+002	1.957914e+002	
0.000000e+000	0.000000e+000	0.000000e+000	
0.000000e+000	0.000000e+000	0.000000e+000	
0.000000e+000	0.000000e+000	0.000000e+000	
0.000000e+000	0.000000e+000	0.000000e+000	
0.000000e+000	0.000000e+000	0.000000e+000	
7.622764e+002	5.383973e+002	5.036564e+002	
7.720867e+002	5.981295e+002	5.711990e+002	
7.825976e+002	6.505627e+002	6.301422e+002	
8.225989e+002	6.838153e+002	6.623510e+002	
6.217925e+002	5.128132e+002	4.958589e+002	
4.650109e+002	3.339099e+002	3.135043e+002	
3.979048e+002	2.524815e+002	2.298430e+002	
2.152468e+002	1.643167e+002	1.563832e+002	
8.775181e+001	6.239258e+001	5.844958e+001	
6.493709e+001	4.833889e+001	4.575653e+001	
5.285234e+002	4.150236e+002	3.973653e+002	
3.716820e+002	2.584135e+002	2.407735e+002	
2.808551e+002	1.774034e+002	1.613007e+002	
1.889261e+002	1.325057e+002	1.237571e+002	
1.094328e+002	7.856823e+001	7.377969e+001	
6.927585e+001	4.918429e+001	4.605656e+001	
4.844636e+002	3.556481e+002	3.356750e+002	
3.455228e+002	2.477035e+002	2.325781e+002	
2.839180e+002	2.070548e+002	1.951680e+002	
2.008470e+002	1.706025e+002	1.659641e+002	
1.028858e+002	8.984463e+001	8.781496e+001	
5.192818e+001	4.487037e+001	4.377259e+001	
5.782833e+002	4.447242e+002	4.240735e+002	
4.746845e+002	3.356180e+002	3.141648e+002	
4.007550e+002	2.718317e+002	2.519605e+002	
2.555889e+002	2.032480e+002	1.952149e+002	
1.303506e+002	1.044656e+002	1.004709e+002	
7.392672e+001	5.665962e+001	5.399095e+001	
4.731832e+002	3.469853e+002	3.275891e+002	
2.538846e+002	1.495408e+002	1.335502e+002	
1.863940e+002	1.003134e+002	8.709428e+001	
1.348185e+002	7.474480e+001	6.546445e+001	
6.923006e+001	3.589802e+001	3.073893e+001	
3.294260e+001	1.662364e+001	1.410225e+001	
1.968868e+002	1.324905e+002	1.224857e+002	
1.456753e+002	8.831739e+001	7.940371e+001	
1.152719e+002	6.549570e+001	5.775602e+001	
8.639646e+001	5.086301e+001	4.535186e+001	
5.066224e+001	2.887196e+001	2.548880e+001	
2.833800e+001	1.493923e+001	1.286500e+001	
1.296775e+002	7.457932e+001	6.604076e+001	
3.507998e+002	2.852261e+002	2.750972e+002	
6.376480e+002	4.704221e+002	4.445170e+002	
7.039522e+002	5.346971e+002	5.084791e+002	
7.637869e+002	6.212922e+002	5.992441e+002	
7.995601e+002	6.784115e+002	6.596799e+002	
6.140100e+002	5.774515e+002	5.717509e+002	
5.795673e+002	5.384102e+002	5.319905e+002	
5.371115e+002	4.952688e+002	4.887441e+002	
5.107390e+002	4.715633e+002	4.654564e+002	
4.846662e+002	4.516689e+002	4.465246e+002	
4.639954e+002	4.324054e+002	4.274804e+002	
6.182997e+002	5.697388e+002	5.621705e+002	
5.645466e+002	5.086664e+002	4.999558e+002	
5.277476e+002	4.726167e+002	4.640237e+002	
4.813882e+002	4.318580e+002	4.241409e+002	
4.427409e+002	4.047184e+002	3.987908e+002	
4.247757e+002	3.941897e+002	3.894246e+002	
6.284190e+002	5.646780e+002	5.547422e+002	
5.532889e+002	4.787650e+002	4.671427e+002	
4.957562e+002	4.179549e+002	4.058305e+002	
4.474846e+002	3.816489e+002	3.713972e+002	
3.956755e+002	3.423064e+002	3.340018e+002	
3.689313e+002	3.294854e+002	3.233409e+002	
6.425886e+002	6.425886e+002	6.425886e+002	
6.411796e+002	6.406615e+002	6.405807e+002	
6.436628e+002	6.429445e+002	6.428325e+002	
6.388246e+002	6.383669e+002	6.382955e+002	
6.477026e+002	6.475114e+002	6.474816e+002	
6.370726e+002	6.366908e+002	6.366313e+002	
4.210314e+002	3.212362e+002	3.056702e+002	
3.082533e+002	2.114930e+002	1.964003e+002	
2.830426e+002	1.882842e+002	1.735038e+002	
2.747946e+002	1.816245e+002	1.670919e+002	
2.690438e+002	1.795874e+002	1.656341e+002	
2.372715e+002	1.723696e+002	1.622462e+002	
4.761928e+002	4.443233e+002	4.394230e+002	
4.850675e+002	4.498454e+002	4.444052e+002	
4.856601e+002	4.502480e+002	4.447770e+002	
4.921100e+002	4.542312e+002	4.483752e+002	
5.145934e+002	4.683752e+002	4.611899e+002	
6.372826e+002	5.928672e+002	5.859503e+002	
5.118796e+002	4.226679e+002	4.088337e+002	
4.129626e+002	3.307083e+002	3.179469e+002	
3.870045e+002	3.077755e+002	2.955339e+002	
3.842952e+002	3.067520e+002	2.947344e+002	
3.822758e+002	3.070522e+002	2.954134e+002	
3.564230e+002	3.010217e+002	2.924628e+002	
6.429219e+002	6.429219e+002	6.429219e+002	
6.377544e+002	6.372015e+002	6.371152e+002	
6.386064e+002	6.382540e+002	6.381989e+002	
6.439380e+002	6.433715e+002	6.432831e+002	
6.488342e+002	6.486420e+002	6.486121e+002	
6.374103e+002	6.369492e+002	6.368773e+002	
6.183778e+002	5.541812e+002	5.441680e+002	
5.056355e+002	4.300570e+002	4.182686e+002	
4.277751e+002	3.517662e+002	3.399105e+002	
3.696890e+002	2.994239e+002	2.884640e+002	
3.291685e+002	2.712635e+002	2.622314e+002	
3.000453e+002	2.539910e+002	2.468075e+002	
6.293594e+002	5.779175e+002	5.698934e+002	
5.422534e+002	4.801179e+002	4.704263e+002	
4.640830e+002	4.013198e+002	3.915303e+002	
4.044769e+002	3.445930e+002	3.352523e+002	
3.647260e+002	3.164895e+002	3.089656e+002	
3.271793e+002	2.865763e+002	2.802431e+002	
8.414488e+001	2.274953e+001	1.317316e+001	
1.038525e+002	3.154638e+001	2.026816e+001	
1.232675e+002	4.238890e+001	2.977353e+001	
1.632101e+002	7.197551e+001	5.774485e+001	
2.850255e+002	1.732466e+002	1.558114e+002	
6.353381e+002	5.199348e+002	5.019341e+002	
4.221249e+002	3.182479e+002	3.021147e+002	
2.581834e+002	1.804464e+002	1.683289e+002	
1.870094e+002	1.158367e+002	1.047433e+002	
1.495920e+002	8.610241e+001	7.621348e+001	
1.192694e+002	6.766673e+001	5.962112e+001	
9.724393e+001	5.492185e+001	4.832899e+001	
5.022725e+002	4.559539e+002	4.487973e+002	
3.903228e+002	3.503271e+002	3.441132e+002	
3.553768e+002	3.205526e+002	3.151706e+002	
3.392484e+002	3.094291e+002	3.048136e+002	
3.197746e+002	2.943469e+002	2.904150e+002	
3.186711e+002	2.990734e+002	2.960348e+002	
3.566786e+002	2.690477e+002	2.554666e+002	
2.236343e+002	1.712989e+002	1.631821e+002	
1.826088e+002	1.418598e+002	1.355583e+002	
1.572423e+002	1.219048e+002	1.164369e+002	
1.430352e+002	1.144660e+002	1.100406e+002	
1.319951e+002	1.097663e+002	1.063190e+002	
2.761978e+002	2.513609e+002	2.476092e+002	
2.836647e+002	2.516385e+002	2.468166e+002	
2.995100e+002	2.627969e+002	2.572751e+002	
3.273806e+002	2.834110e+002	2.767487e+002	
4.375069e+002	3.758853e+002	3.664522e+002	
6.267985e+002	5.525085e+002	5.410573e+002	
4.383246e+002	3.038930e+002	2.831237e+002	
2.329761e+002	1.178726e+002	1.001451e+002	
1.773325e+002	7.506385e+001	5.931847e+001	
1.543370e+002	5.851009e+001	4.373984e+001	
1.409184e+002	5.316050e+001	3.963221e+001	
1.147300e+002	4.814567e+001	3.787038e+001	
4.649481e+002	4.408300e+002	4.372366e+002	
4.797407e+002	4.469374e+002	4.420619e+002	
4.983571e+002	4.599235e+002	4.541755e+002	
5.335444e+002	4.920798e+002	4.858539e+002	
6.078763e+002	5.671804e+002	5.610599e+002	
6.678073e+002	6.350939e+002	6.301691e+002	
6.723515e+002	5.978533e+002	5.862481e+002	
5.614995e+002	4.769591e+002	4.637902e+002	
4.407873e+002	3.597933e+002	3.471665e+002	
3.598362e+002	2.877708e+002	2.765403e+002	
2.959605e+002	2.388710e+002	2.299773e+002	
2.617765e+002	2.180760e+002	2.112804e+002	
6.603469e+002	5.772352e+002	5.642847e+002	
5.388245e+002	4.434689e+002	4.286109e+002	
4.367176e+002	3.469268e+002	3.329427e+002	
3.518248e+002	2.726606e+002	2.603152e+002	
2.943690e+002	2.322547e+002	2.225804e+002	
2.510644e+002	2.039115e+002	1.965706e+002	
6.471071e+002	5.595572e+002	5.459011e+002	
5.271655e+002	4.294672e+002	4.142284e+002	
4.101480e+002	3.128273e+002	2.976473e+002	
3.361010e+002	2.517233e+002	2.385622e+002	
2.716898e+002	2.047939e+002	1.943595e+002	
2.272644e+002	1.762669e+002	1.683123e+002	
1.665391e+002	1.318039e+002	1.264921e+002	
2.654030e+002	2.141241e+002	2.062819e+002	
3.490301e+002	2.693108e+002	2.570439e+002	
4.473559e+002	3.387294e+002	3.219787e+002	
5.973579e+002	4.723440e+002	4.530021e+002	
7.512744e+002	6.479456e+002	6.319779e+002	
3.615922e+002	2.644378e+002	2.492838e+002	
1.978247e+002	1.357275e+002	1.260417e+002	
1.543790e+002	1.107500e+002	1.039448e+002	
1.333827e+002	1.006826e+002	9.558197e+001	
1.163438e+002	9.211440e+001	8.833507e+001	
1.036046e+002	8.812332e+001	8.570850e+001	
6.096570e+001	2.538434e+001	1.984099e+001	
9.078207e+001	4.041451e+001	3.256346e+001	
1.244326e+002	5.985913e+001	4.979055e+001	
2.017888e+002	1.188759e+002	1.059492e+002	
3.725439e+002	2.645603e+002	2.477362e+002	
6.687393e+002	5.613848e+002	5.446516e+002	
4.600674e+002	3.458668e+002	3.281352e+002	
2.615405e+002	1.862908e+002	1.746165e+002	
2.074732e+002	1.551997e+002	1.470869e+002	
1.606282e+002	1.267545e+002	1.215020e+002	
1.297337e+002	1.044776e+002	1.005676e+002	
9.429531e+001	7.688682e+001	7.418199e+001	
1.536486e+002	1.153659e+002	1.094041e+002	
1.986484e+002	1.445576e+002	1.361309e+002	
2.476538e+002	1.769660e+002	1.659520e+002	
3.287763e+002	2.331245e+002	2.182071e+002	
5.031199e+002	3.845713e+002	3.660803e+002	
7.309507e+002	6.313826e+002	6.158569e+002	
5.568151e+002	5.085924e+002	5.010707e+002	
4.116601e+002	3.630601e+002	3.554797e+002	
3.485407e+002	3.113202e+002	3.055146e+002	
3.214648e+002	2.908080e+002	2.860260e+002	
2.981893e+002	2.739481e+002	2.701670e+002	
2.869483e+002	2.705862e+002	2.680341e+002	
4.775976e+002	4.163640e+002	4.068129e+002	
3.243131e+002	2.780448e+002	2.708277e+002	
2.627748e+002	2.281964e+002	2.228028e+002	
2.420386e+002	2.146247e+002	2.103486e+002	
2.242122e+002	2.021353e+002	1.986917e+002	
2.163589e+002	1.986103e+002	1.958419e+002	
4.366019e+002	3.344214e+002	3.185001e+002	
2.537753e+002	1.888539e+002	1.787416e+002	
1.739296e+002	1.240372e+002	1.162657e+002	
1.250251e+002	8.347372e+001	7.700677e+001	
9.359380e+001	6.134413e+001	5.632685e+001	
7.781030e+001	5.331065e+001	4.949930e+001	
5.036162e+002	4.335766e+002	4.227167e+002	
3.619287e+002	2.984981e+002	2.886600e+002	
3.029536e+002	2.526602e+002	2.448770e+002	
2.673730e+002	2.234140e+002	2.165899e+002	
2.407238e+002	2.043867e+002	1.987552e+002	
2.230732e+002	1.949459e+002	1.905873e+002	
4.583123e+002	3.407134e+002	3.225967e+002	
2.194088e+002	1.275584e+002	1.133712e+002	
1.318058e+002	5.869193e+001	4.741333e+001	
9.363658e+001	3.373742e+001	2.448695e+001	
7.417437e+001	2.605783e+001	1.863582e+001	
5.235981e+001	1.943055e+001	1.435206e+001	
1.886663e+002	1.258255e+002	1.160428e+002	
1.126332e+002	6.561920e+001	5.831487e+001	
7.415781e+001	3.545412e+001	2.944102e+001	
5.410410e+001	2.600663e+001	2.163990e+001	
3.308213e+001	1.459987e+001	1.173575e+001	
2.145074e+001	6.782402e+000	4.507909e+000	
2.797023e+002	2.294806e+002	2.216605e+002	
3.277717e+002	2.627254e+002	2.525974e+002	
4.008789e+002	3.266185e+002	3.150560e+002	
4.959016e+002	4.171550e+002	4.049012e+002	
6.247293e+002	5.514667e+002	5.400598e+002	
7.230112e+002	6.626393e+002	6.532429e+002	
5.995240e+002	5.993027e+002	5.992682e+002	
5.939474e+002	5.938239e+002	5.938046e+002	
5.921821e+002	5.921821e+002	5.921821e+002	
5.935500e+002	5.933911e+002	5.933663e+002	
5.954227e+002	5.954227e+002	5.954227e+002	
5.880328e+002	5.878426e+002	5.878129e+002	
5.947978e+002	5.943524e+002	5.942829e+002	
5.949097e+002	5.947156e+002	5.946853e+002	
5.950153e+002	5.944718e+002	5.943870e+002	
5.928881e+002	5.921948e+002	5.920866e+002	
5.935532e+002	5.931006e+002	5.930300e+002	
5.924099e+002	5.921526e+002	5.921125e+002	
5.923643e+002	5.911581e+002	5.909701e+002	
5.916720e+002	5.904490e+002	5.902581e+002	
5.958465e+002	5.947457e+002	5.945742e+002	
5.935637e+002	5.924362e+002	5.922604e+002	
5.932525e+002	5.930818e+002	5.930551e+002	
5.920655e+002	5.916330e+002	5.915654e+002	
6.372135e+002	6.356003e+002	6.353591e+002	
6.394288e+002	6.377452e+002	6.374896e+002	
6.363110e+002	6.341143e+002	6.337810e+002	
6.482502e+002	6.464241e+002	6.461454e+002	
6.370452e+002	6.348265e+002	6.344933e+002	
6.397046e+002	6.374446e+002	6.371029e+002	
4.192603e+002	3.186876e+002	3.030003e+002	
3.120779e+002	2.150431e+002	1.999078e+002	
2.804026e+002	1.862223e+002	1.715321e+002	
2.764210e+002	1.832328e+002	1.686972e+002	
2.708092e+002	1.813236e+002	1.673656e+002	
2.374181e+002	1.713603e+002	1.610567e+002	
4.837119e+002	4.520889e+002	4.472280e+002	
4.859584e+002	4.516469e+002	4.463177e+002	
4.843756e+002	4.480360e+002	4.424253e+002	
4.899723e+002	4.519334e+002	4.460454e+002	
5.164415e+002	4.705090e+002	4.633730e+002	
6.371780e+002	5.937668e+002	5.870289e+002	
5.089057e+002	4.194308e+002	4.055603e+002	
4.160363e+002	3.335920e+002	3.208166e+002	
3.913151e+002	3.129695e+002	3.008509e+002	
3.899547e+002	3.122379e+002	3.001974e+002	
3.841338e+002	3.099823e+002	2.985029e+002	
3.536236e+002	2.979999e+002	2.894170e+002	
6.371489e+002	6.341975e+002	6.337513e+002	
6.399881e+002	6.365326e+002	6.360118e+002	
6.420955e+002	6.378759e+002	6.372444e+002	
6.413989e+002	6.371085e+002	6.364615e+002	
6.441433e+002	6.401476e+002	6.395491e+002	
6.430964e+002	6.393109e+002	6.387410e+002	
6.488162e+002	5.667397e+002	5.542468e+002	
5.603429e+002	4.654794e+002	4.510496e+002	
4.787228e+002	3.869371e+002	3.730148e+002	
4.227842e+002	3.426468e+002	3.305153e+002	
3.565435e+002	2.922974e+002	2.825795e+002	
3.117100e+002	2.605407e+002	2.527966e+002	
6.135819e+002	5.224285e+002	5.085111e+002	
4.793491e+002	3.805585e+002	3.655299e+002	
3.986043e+002	3.028981e+002	2.883547e+002	
3.443332e+002	2.597535e+002	2.468887e+002	
2.972698e+002	2.270477e+002	2.163695e+002	
2.598700e+002	2.048825e+002	1.965236e+002	
7.320916e+001	2.487323e+001	1.733733e+001	
9.844842e+001	3.771875e+001	2.824836e+001	
1.211473e+002	5.196164e+001	4.117236e+001	
1.613624e+002	7.569442e+001	6.233571e+001	
2.899326e+002	1.818959e+002	1.650492e+002	
6.358330e+002	5.208255e+002	5.028981e+002	
4.324003e+002	3.323287e+002	3.169318e+002	
2.540989e+002	1.790952e+002	1.675913e+002	
1.942843e+002	1.300682e+002	1.202472e+002	
1.505759e+002	9.294202e+001	8.415280e+001	
1.282107e+002	8.279480e+001	7.587901e+001	
9.832587e+001	6.397050e+001	5.872720e+001	
5.186147e+002	4.558116e+002	4.463076e+002	
3.943785e+002	3.376586e+002	3.291358e+002	
3.466664e+002	2.944840e+002	2.866606e+002	
3.234711e+002	2.777056e+002	2.708470e+002	
2.845885e+002	2.455861e+002	2.397434e+002	
2.808160e+002	2.483642e+002	2.434954e+002	
3.661725e+002	2.656354e+002	2.502483e+002	
2.209616e+002	1.541619e+002	1.440197e+002	
1.746880e+002	1.188127e+002	1.103933e+002	
1.444589e+002	9.436862e+001	8.681123e+001	
1.114744e+002	7.096101e+001	6.484322e+001	
9.520818e+001	6.191944e+001	5.691436e+001	
2.760589e+002	2.536368e+002	2.502118e+002	
2.832228e+002	2.547731e+002	2.504481e+002	
2.958950e+002	2.604317e+002	2.550340e+002	
3.358063e+002	2.930764e+002	2.865562e+002	
4.339679e+002	3.741178e+002	3.648958e+002	
6.183243e+002	5.449233e+002	5.335544e+002	
4.311602e+002	2.969044e+002	2.761524e+002	
2.309236e+002	1.195606e+002	1.024204e+002	
1.690345e+002	7.398695e+001	5.937254e+001	
1.433567e+002	5.500659e+001	4.138266e+001	
1.321968e+002	5.344352e+001	4.126720e+001	
1.053388e+002	4.440517e+001	3.500316e+001	
4.362693e+002	4.003735e+002	3.949899e+002	
4.578802e+002	4.077685e+002	4.002464e+002	
4.875349e+002	4.295960e+002	4.209288e+002	
5.296102e+002	4.675808e+002	4.583074e+002	
6.145259e+002	5.565751e+002	5.478697e+002	
6.786069e+002	6.317366e+002	6.246953e+002	
7.410063e+002	6.152735e+002	5.959921e+002	
6.983840e+002	5.427216e+002	5.188331e+002	
6.402278e+002	4.847064e+002	4.608159e+002	
4.598123e+002	3.901766e+002	3.798439e+002	
2.667568e+002	2.167947e+002	2.093678e+002	
1.802023e+002	1.455620e+002	1.403683e+002	
7.259744e+002	6.036232e+002	5.849558e+002	
6.678808e+002	5.225441e+002	5.003251e+002	
5.973894e+002	4.554913e+002	4.338188e+002	
4.576957e+002	3.797159e+002	3.680344e+002	
2.903358e+002	2.297336e+002	2.206621e+002	
1.931409e+002	1.483448e+002	1.416294e+002	
7.137084e+002	5.918625e+002	5.732858e+002	
6.441486e+002	5.039763e+002	4.825468e+002	
5.706765e+002	4.349980e+002	4.144044e+002	
4.484924e+002	3.637566e+002	3.510681e+002	
2.951583e+002	2.286673e+002	2.187041e+002	
2.105301e+002	1.604042e+002	1.528627e+002	
7.679597e+002	6.391637e+002	6.193551e+002	
7.219556e+002	5.688374e+002	5.453243e+002	
6.441264e+002	4.970705e+002	4.744932e+002	
4.610184e+002	3.990995e+002	3.898297e+002	
2.665210e+002	2.245342e+002	2.182433e+002	
1.704573e+002	1.424643e+002	1.382390e+002	
1.598316e+002	1.190880e+002	1.129067e+002	
2.425871e+002	1.775563e+002	1.676354e+002	
2.979084e+002	2.135279e+002	2.006432e+002	
3.597690e+002	2.635185e+002	2.487593e+002	
4.551487e+002	3.478767e+002	3.313749e+002	
6.472786e+002	5.360073e+002	5.188725e+002	
5.926698e+002	4.662435e+002	4.467205e+002	
5.122593e+002	3.873032e+002	3.680318e+002	
4.484735e+002	3.400803e+002	3.233945e+002	
3.345065e+002	2.797429e+002	2.714486e+002	
2.079532e+002	1.709267e+002	1.653445e+002	
1.364955e+002	1.109125e+002	1.070405e+002	
1.042486e+002	6.239595e+001	5.592798e+001	
1.664775e+002	9.727956e+001	8.658083e+001	
2.220339e+002	1.216345e+002	1.061407e+002	
2.754552e+002	1.489574e+002	1.293971e+002	
3.490030e+002	2.070517e+002	1.851166e+002	
5.851436e+002	4.434446e+002	4.215443e+002	
7.449130e+002	6.282705e+002	6.104216e+002	
6.643723e+002	5.321987e+002	5.119860e+002	
5.748642e+002	4.470296e+002	4.275187e+002	
4.173633e+002	3.559804e+002	3.468804e+002	
2.617884e+002	2.188551e+002	2.125182e+002	
1.854872e+002	1.548293e+002	1.503081e+002	
2.596193e+002	2.159250e+002	2.093521e+002	
3.198618e+002	2.615222e+002	2.527085e+002	
3.906848e+002	3.207487e+002	3.101653e+002	
4.832495e+002	4.042622e+002	3.922780e+002	
6.010619e+002	5.196577e+002	5.072687e+002	
7.035081e+002	6.317000e+002	6.208144e+002	
2.279139e+002	1.900528e+002	1.842936e+002	
2.709456e+002	2.231215e+002	2.158401e+002	
3.312060e+002	2.727313e+002	2.638212e+002	
4.059889e+002	3.369144e+002	3.263400e+002	
5.345232e+002	4.506288e+002	4.377361e+002	
6.794832e+002	5.969461e+002	5.842569e+002	
1.999318e+002	1.630676e+002	1.575183e+002	
2.547223e+002	2.059910e+002	1.986476e+002	
3.238349e+002	2.630714e+002	2.539001e+002	
4.120184e+002	3.388324e+002	3.277551e+002	
5.536161e+002	4.677368e+002	4.546086e+002	
7.549839e+002	6.684856e+002	6.552559e+002	
8.479627e+001	6.899725e+001	6.660363e+001	
1.114996e+002	9.060775e+001	8.741158e+001	
1.271734e+002	9.944371e+001	9.520380e+001	
1.525574e+002	1.150792e+002	1.093033e+002	
1.987299e+002	1.458833e+002	1.377039e+002	
4.731142e+002	3.732174e+002	3.577009e+002	
8.404977e+001	3.930020e+001	3.241861e+001	
1.145750e+002	5.054338e+001	4.067238e+001	
1.544576e+002	7.085378e+001	5.793988e+001	
1.976951e+002	9.240799e+001	7.614951e+001	
3.137659e+002	1.816098e+002	1.612121e+002	
6.404147e+002	5.085877e+002	4.882375e+002	
5.794462e+001	2.800622e+001	2.337623e+001	
7.005600e+001	3.568135e+001	3.037486e+001	
8.263810e+001	4.156460e+001	3.522177e+001	
9.631494e+001	4.977531e+001	4.257180e+001	
1.239335e+002	6.896971e+001	6.045759e+001	
1.419797e+002	9.182197e+001	8.405820e+001	
7.005386e+002	6.044563e+002	5.898120e+002	
5.995209e+002	5.004707e+002	4.854020e+002	
4.885422e+002	3.980188e+002	3.842988e+002	
3.899805e+002	3.214641e+002	3.111654e+002	
3.123395e+002	2.607828e+002	2.530784e+002	
2.610347e+002	2.206352e+002	2.145947e+002	
3.883434e+002	3.565912e+002	3.518214e+002	
4.335891e+002	3.930730e+002	3.870010e+002	
4.845551e+002	4.367299e+002	4.295965e+002	
5.633196e+002	5.139338e+002	5.065610e+002	
6.328954e+002	5.884369e+002	5.818362e+002	
6.847264e+002	6.460956e+002	6.403622e+002	
3.279111e+002	2.868408e+002	2.806617e+002	
3.897289e+002	3.368297e+002	3.289247e+002	
4.524896e+002	3.885060e+002	3.789722e+002	
5.392775e+002	4.733726e+002	4.635669e+002	
6.320406e+002	5.691135e+002	5.597538e+002	
6.979800e+002	6.458477e+002	6.381192e+002	
3.049353e+002	2.605452e+002	2.538929e+002	
3.754983e+002	3.176797e+002	3.090674e+002	
4.392914e+002	3.706393e+002	3.604265e+002	
5.514231e+002	4.798318e+002	4.692144e+002	
6.341666e+002	5.668964e+002	5.569153e+002	
6.956677e+002	6.365046e+002	6.276979e+002	
6.063008e+002	6.063008e+002	6.063008e+002	
6.047004e+002	6.047004e+002	6.047004e+002	
6.079050e+002	6.077980e+002	6.077813e+002	
6.114130e+002	6.114130e+002	6.114130e+002	
6.082621e+002	6.082621e+002	6.082621e+002	
6.113038e+002	6.112764e+002	6.112721e+002	
3.538242e+002	2.822741e+002	2.711138e+002	
3.606873e+002	2.820223e+002	2.697522e+002	
3.709005e+002	2.917805e+002	2.794395e+002	
3.734328e+002	2.913651e+002	2.785645e+002	
4.582624e+002	3.675851e+002	3.534413e+002	
6.292904e+002	5.448957e+002	5.317318e+002	
5.157169e+002	4.641569e+002	4.562004e+002	
4.382033e+002	3.989931e+002	3.929182e+002	
4.229218e+002	3.870202e+002	3.814492e+002	
4.272702e+002	3.924081e+002	3.870127e+002	
4.239097e+002	3.897785e+002	3.845026e+002	
4.089333e+002	3.847515e+002	3.810123e+002	
2.733867e+002	2.032043e+002	1.923418e+002	
2.858752e+002	2.094966e+002	1.976527e+002	
2.917776e+002	2.137175e+002	2.016364e+002	
3.028817e+002	2.218654e+002	2.093044e+002	
3.739009e+002	2.862845e+002	2.727459e+002	
6.218488e+002	5.444952e+002	5.325338e+002	
6.109976e+002	6.109976e+002	6.109976e+002	
6.085123e+002	6.082723e+002	6.082349e+002	
6.092322e+002	6.092322e+002	6.092322e+002	
6.052105e+002	6.052105e+002	6.052105e+002	
6.055256e+002	6.055256e+002	6.055256e+002	
6.055256e+002	6.055256e+002	6.055256e+002	
4.357676e+002	3.984494e+002	3.927009e+002	
4.737408e+002	4.241169e+002	4.164567e+002	
5.094535e+002	4.541111e+002	4.455917e+002	
5.542700e+002	4.926554e+002	4.831632e+002	
6.196241e+002	5.631329e+002	5.544321e+002	
6.758600e+002	6.300644e+002	6.229969e+002	
3.878133e+002	3.436923e+002	3.368700e+002	
4.236536e+002	3.656505e+002	3.566752e+002	
4.661089e+002	4.016152e+002	3.916290e+002	
5.164981e+002	4.460948e+002	4.352041e+002	
5.929506e+002	5.388912e+002	5.305650e+002	
6.720729e+002	6.168821e+002	6.083524e+002	
3.706075e+002	2.279032e+002	2.056503e+002	
2.101747e+002	8.253962e+001	6.263682e+001	
1.660751e+002	5.283337e+001	3.517852e+001	
1.465791e+002	4.254352e+001	2.632115e+001	
1.288817e+002	3.552728e+001	2.096798e+001	
8.845773e+001	2.060184e+001	1.002168e+001	
1.081600e+002	6.461765e+001	5.787798e+001	
1.331942e+002	7.815997e+001	6.965093e+001	
1.743398e+002	1.113757e+002	1.016394e+002	
2.184196e+002	1.487247e+002	1.379749e+002	
3.163807e+002	2.363306e+002	2.239331e+002	
5.398505e+002	4.348802e+002	4.186108e+002	
4.228334e+002	4.086954e+002	4.065385e+002	
4.420308e+002	4.226647e+002	4.197071e+002	
4.683393e+002	4.455327e+002	4.420426e+002	
4.960577e+002	4.687206e+002	4.645223e+002	
5.773071e+002	5.396123e+002	5.338130e+002	
6.831456e+002	6.451937e+002	6.393349e+002	
3.841115e+002	3.667381e+002	3.640623e+002	
3.939603e+002	3.736694e+002	3.705525e+002	
3.937572e+002	3.710080e+002	3.675235e+002	
4.150776e+002	3.873863e+002	3.831361e+002	
4.499199e+002	4.087946e+002	4.024440e+002	
6.424146e+002	5.876257e+002	5.791366e+002	
4.152676e+002	3.434398e+002	3.323959e+002	
3.259619e+002	2.721353e+002	2.638965e+002	
3.033935e+002	2.567027e+002	2.495882e+002	
2.892656e+002	2.464713e+002	2.399398e+002	
2.754328e+002	2.399431e+002	2.345096e+002	
2.598137e+002	2.341623e+002	2.302154e+002	
1.506777e+002	5.066386e+001	3.513464e+001	
1.702403e+002	5.630861e+001	3.865881e+001	
1.908097e+002	7.008551e+001	5.140619e+001	
2.202267e+002	9.052612e+001	7.045209e+001	
3.012271e+002	1.580340e+002	1.358979e+002	
5.868737e+002	4.538170e+002	4.332489e+002	
6.145546e+002	5.730854e+002	5.668381e+002	
5.533969e+002	5.054470e+002	4.982162e+002	
5.077815e+002	4.624328e+002	4.555982e+002	
4.852418e+002	4.458391e+002	4.398902e+002	
4.617600e+002	4.312355e+002	4.266097e+002	
4.496699e+002	4.270018e+002	4.235598e+002	
1.606644e+002	1.292093e+002	1.244388e+002	
2.106264e+002	1.637377e+002	1.566088e+002	
2.665648e+002	2.056796e+002	1.963817e+002	
3.613482e+002	2.831826e+002	2.712533e+002	
5.290507e+002	4.387168e+002	4.249320e+002	
6.748760e+002	5.952207e+002	5.830648e+002	
1.386615e+002	1.042114e+002	9.897469e+001	
1.791361e+002	1.254597e+002	1.172875e+002	
2.425312e+002	1.639012e+002	1.518543e+002	
3.480601e+002	2.461365e+002	2.305266e+002	
5.230308e+002	4.073844e+002	3.896993e+002	
6.915259e+002	5.916736e+002	5.764354e+002	
1.830797e+002	1.417553e+002	1.354994e+002	
2.407926e+002	1.773580e+002	1.677759e+002	
3.185192e+002	2.197468e+002	2.046318e+002	
4.103039e+002	2.934453e+002	2.755623e+002	
5.647673e+002	4.450170e+002	4.267856e+002	
7.174059e+002	6.153939e+002	5.998832e+002	
3.161949e+002	2.676210e+002	2.602878e+002	
4.025585e+002	3.370336e+002	3.270255e+002	
4.909558e+002	4.012202e+002	3.874005e+002	
5.826271e+002	4.752032e+002	4.585522e+002	
6.716664e+002	5.570925e+002	5.392747e+002	
7.541646e+002	6.433652e+002	6.261495e+002	
3.520708e+002	3.069468e+002	3.001156e+002	
4.348011e+002	3.762638e+002	3.673191e+002	
5.190714e+002	4.408017e+002	4.287399e+002	
6.175946e+002	5.206274e+002	5.056013e+002	
7.060850e+002	6.081535e+002	5.929492e+002	
7.508816e+002	6.541337e+002	6.391075e+002	
6.274309e+002	5.119581e+002	4.946553e+002	
5.138443e+002	3.988023e+002	3.813739e+002	
4.130208e+002	3.066471e+002	2.904046e+002	
3.204922e+002	2.274541e+002	2.131725e+002	
2.453707e+002	1.707458e+002	1.592511e+002	
1.910138e+002	1.353618e+002	1.267808e+002	
6.431786e+002	5.480167e+002	5.335724e+002	
5.431473e+002	4.419681e+002	4.265691e+002	
4.348244e+002	3.351955e+002	3.199420e+002	
3.374930e+002	2.520844e+002	2.389599e+002	
2.567137e+002	1.874696e+002	1.768179e+002	
2.075854e+002	1.535887e+002	1.452724e+002	
4.113754e+002	3.664752e+002	3.597946e+002	
5.202137e+002	4.610616e+002	4.521645e+002	
6.238661e+002	5.355123e+002	5.219393e+002	
6.953548e+002	5.936008e+002	5.778491e+002	
7.419280e+002	6.416268e+002	6.260573e+002	
7.631612e+002	6.640354e+002	6.486546e+002	
3.672210e+002	3.118027e+002	3.034534e+002	
4.651572e+002	3.914624e+002	3.802699e+002	
5.521865e+002	4.452753e+002	4.288198e+002	
6.345526e+002	5.063979e+002	4.864998e+002	
6.907125e+002	5.551096e+002	5.340359e+002	
7.530153e+002	6.233023e+002	6.031389e+002	
6.040114e+002	4.616566e+002	4.401215e+002	
5.288399e+002	3.874559e+002	3.659001e+002	
4.545731e+002	3.206266e+002	3.003002e+002	
3.868418e+002	2.687817e+002	2.506921e+002	
3.073716e+002	2.166559e+002	2.027269e+002	
2.405229e+002	1.756704e+002	1.657157e+002	
4.566301e+002	4.148340e+002	4.086245e+002	
5.791187e+002	5.290996e+002	5.215859e+002	
6.595426e+002	5.756685e+002	5.627846e+002	
7.250982e+002	6.284929e+002	6.135208e+002	
7.416024e+002	6.459655e+002	6.311004e+002	
7.627750e+002	6.644077e+002	6.491182e+002	
4.407931e+002	3.959720e+002	3.893411e+002	
5.754193e+002	5.257197e+002	5.182540e+002	
6.551607e+002	5.718439e+002	5.590455e+002	
7.249370e+002	6.283531e+002	6.133844e+002	
7.449615e+002	6.488914e+002	6.339590e+002	
7.626911e+002	6.652215e+002	6.500728e+002	
6.129586e+002	6.127181e+002	6.126807e+002	
6.051381e+002	6.051381e+002	6.051381e+002	
6.051165e+002	6.051165e+002	6.051165e+002	
6.059769e+002	6.057398e+002	6.057029e+002	
5.972701e+002	5.970954e+002	5.970682e+002	
6.055184e+002	6.052893e+002	6.052535e+002	
6.028554e+002	6.023640e+002	6.022874e+002	
6.126068e+002	6.117420e+002	6.116071e+002	
6.061138e+002	6.061138e+002	6.061138e+002	
6.072092e+002	6.072092e+002	6.072092e+002	
6.112125e+002	6.112125e+002	6.112125e+002	
6.049344e+002	6.049344e+002	6.049344e+002	
6.089854e+002	6.089854e+002	6.089854e+002	
5.988642e+002	5.979717e+002	5.978325e+002	
6.076684e+002	6.071851e+002	6.071143e+002	
6.048115e+002	6.044021e+002	6.043428e+002	
5.993084e+002	5.993084e+002	5.993084e+002	
5.993084e+002	5.993084e+002	5.993084e+002	
6.009622e+002	5.697400e+002	5.648701e+002	
6.127141e+002	5.730316e+002	5.668414e+002	
6.171199e+002	5.753339e+002	5.688165e+002	
6.292518e+002	5.874585e+002	5.809395e+002	
6.473668e+002	6.088875e+002	6.028856e+002	
6.814458e+002	6.409408e+002	6.346230e+002	
5.299139e+002	4.793589e+002	4.714733e+002	
5.500420e+002	5.144185e+002	5.088614e+002	
5.433292e+002	4.860100e+002	4.770694e+002	
5.681906e+002	5.304529e+002	5.245664e+002	
5.875542e+002	5.227684e+002	5.126628e+002	
6.796411e+002	6.228481e+002	6.139902e+002	
2.791744e+002	1.857142e+002	1.711366e+002	
9.626749e+001	4.688799e+001	3.918582e+001	
6.126822e+001	2.103261e+001	1.475672e+001	
5.373648e+001	1.530110e+001	9.305994e+000	
4.740509e+001	1.071921e+001	4.996994e+000	
3.668221e+001	8.438726e+000	4.033339e+000	
9.708315e+001	9.651900e+001	9.643832e+001	
9.864583e+001	9.790638e+001	9.779575e+001	
9.892672e+001	9.661942e+001	9.626231e+001	
1.146351e+002	1.065781e+002	1.053270e+002	
2.143774e+002	1.799469e+002	1.745851e+002	
5.979982e+002	5.165552e+002	5.038552e+002	
9.445018e+001	9.399019e+001	9.393014e+001	
9.502720e+001	9.404063e+001	9.389811e+001	
1.009009e+002	9.848378e+001	9.811517e+001	
1.148232e+002	1.067527e+002	1.055011e+002	
1.781328e+002	1.461116e+002	1.411306e+002	
5.236956e+002	4.409909e+002	4.280904e+002	
4.483283e+001	1.029686e+001	4.949819e+000	
5.262057e+001	1.462096e+001	8.726919e+000	
5.500659e+001	1.583799e+001	9.756172e+000	
7.535723e+001	3.073335e+001	2.380734e+001	
1.595192e+002	8.991804e+001	7.911967e+001	
5.555676e+002	4.488322e+002	4.322538e+002	
6.103775e+002	5.640804e+002	5.571466e+002	
5.840383e+002	5.277800e+002	5.193819e+002	
5.713926e+002	5.163633e+002	5.081522e+002	
5.635727e+002	5.105269e+002	5.026081e+002	
5.450015e+002	4.967292e+002	4.894823e+002	
5.364603e+002	5.040150e+002	4.991189e+002	
5.800555e+002	5.360583e+002	5.294690e+002	
5.290091e+002	4.525896e+002	4.410258e+002	
5.165292e+002	4.667836e+002	4.593609e+002	
5.077162e+002	4.599278e+002	4.527939e+002	
5.043154e+002	4.327643e+002	4.219512e+002	
4.847536e+002	4.342333e+002	4.265687e+002	
6.555176e+002	6.555176e+002	6.555176e+002	
6.610426e+002	6.605991e+002	6.605325e+002	
6.692101e+002	6.687986e+002	6.687363e+002	
6.645751e+002	6.645751e+002	6.645751e+002	
6.606281e+002	6.602122e+002	6.601491e+002	
6.671464e+002	6.666666e+002	6.665939e+002	
6.610369e+002	6.606088e+002	6.605453e+002	
6.647808e+002	6.643476e+002	6.642839e+002	
6.639221e+002	6.631213e+002	6.630008e+002	
6.655331e+002	6.651603e+002	6.651027e+002	
6.625904e+002	6.621053e+002	6.620332e+002	
6.656586e+002	6.652372e+002	6.651722e+002	
6.608881e+002	6.604601e+002	6.603967e+002	
6.646291e+002	6.641960e+002	6.641324e+002	
6.637421e+002	6.629415e+002	6.628209e+002	
6.654845e+002	6.651118e+002	6.650543e+002	
6.637709e+002	6.635714e+002	6.635414e+002	
6.655826e+002	6.653881e+002	6.653578e+002	
6.223047e+002	5.413020e+002	5.286874e+002	
4.993285e+002	4.086568e+002	3.945139e+002	
3.983288e+002	3.114779e+002	2.979324e+002	
3.116660e+002	2.354453e+002	2.235566e+002	
2.462815e+002	1.864170e+002	1.770795e+002	
2.141871e+002	1.689277e+002	1.618682e+002	
6.118938e+002	5.412515e+002	5.302434e+002	
4.933853e+002	4.133836e+002	4.009051e+002	
4.041115e+002	3.268984e+002	3.148546e+002	
3.506754e+002	2.831442e+002	2.726107e+002	
3.010571e+002	2.470235e+002	2.385953e+002	
2.717018e+002	2.310223e+002	2.246771e+002	
6.107006e+002	5.536829e+002	5.448253e+002	
5.072332e+002	4.406307e+002	4.302687e+002	
4.310243e+002	3.645434e+002	3.542076e+002	
3.817212e+002	3.209476e+002	3.115087e+002	
3.436826e+002	2.940797e+002	2.863706e+002	
3.204855e+002	2.827198e+002	2.768572e+002	
6.008185e+002	5.115013e+002	4.978013e+002	
4.870146e+002	3.981573e+002	3.845669e+002	
3.964527e+002	3.205321e+002	3.089409e+002	
3.339099e+002	2.755090e+002	2.666657e+002	
2.817245e+002	2.357551e+002	2.288286e+002	
2.317291e+002	1.967789e+002	1.915047e+002	
3.878002e+002	2.909495e+002	2.759536e+002	
3.442221e+002	2.597662e+002	2.466999e+002	
2.944205e+002	2.282694e+002	2.180869e+002	
2.624021e+002	2.069222e+002	1.983840e+002	
2.362094e+002	1.923714e+002	1.856705e+002	
2.009087e+002	1.655943e+002	1.601969e+002	
2.235821e+002	1.763551e+002	1.691611e+002	
2.924691e+002	2.303762e+002	2.208377e+002	
3.595722e+002	2.810395e+002	2.689343e+002	
4.382437e+002	3.453991e+002	3.310414e+002	
5.734778e+002	4.744468e+002	4.590978e+002	
7.225065e+002	6.202375e+002	6.043622e+002	
2.614655e+002	2.198454e+002	2.134866e+002	
3.295934e+002	2.733751e+002	2.647430e+002	
4.099830e+002	3.377063e+002	3.265958e+002	
5.214716e+002	4.359380e+002	4.227022e+002	
6.564230e+002	5.677651e+002	5.540278e+002	
7.411461e+002	6.490854e+002	6.348107e+002	
6.033931e+002	5.097509e+002	4.956179e+002	
4.604155e+002	3.628898e+002	3.482585e+002	
3.840781e+002	2.970456e+002	2.840977e+002	
3.266035e+002	2.560255e+002	2.455582e+002	
2.650607e+002	2.101702e+002	2.020445e+002	
2.256772e+002	1.858603e+002	1.799458e+002	
6.481808e+002	5.699985e+002	5.581858e+002	
5.347947e+002	4.519869e+002	4.395554e+002	
4.444275e+002	3.676587e+002	3.561733e+002	
3.794466e+002	3.203360e+002	3.115973e+002	
3.117456e+002	2.674010e+002	2.608318e+002	
2.838471e+002	2.494637e+002	2.443915e+002	
2.416072e+002	1.975004e+002	1.908310e+002	
2.865042e+002	2.295081e+002	2.208548e+002	
3.355192e+002	2.626486e+002	2.515186e+002	
3.868795e+002	2.966373e+002	2.828284e+002	
4.669745e+002	3.572371e+002	3.403615e+002	
6.583691e+002	5.513832e+002	5.348566e+002	
6.405340e+002	5.612479e+002	5.493925e+002	
5.501821e+002	4.616122e+002	4.485010e+002	
4.935559e+002	4.152690e+002	4.037996e+002	
4.436914e+002	3.809117e+002	3.717191e+002	
4.037549e+002	3.564180e+002	3.494574e+002	
3.712338e+002	3.372008e+002	3.321894e+002	
6.396660e+002	5.512175e+002	5.379623e+002	
5.160986e+002	4.184784e+002	4.039576e+002	
4.406072e+002	3.540453e+002	3.413105e+002	
3.814419e+002	3.127181e+002	3.026281e+002	
3.408974e+002	2.903250e+002	2.828840e+002	
3.095196e+002	2.731781e+002	2.678393e+002	
6.606033e+002	6.590975e+002	6.588685e+002	
6.620525e+002	6.606792e+002	6.604728e+002	
6.646709e+002	6.636246e+002	6.634654e+002	
6.579850e+002	6.564910e+002	6.562664e+002	
6.630859e+002	6.617893e+002	6.615930e+002	
6.613250e+002	6.601067e+002	6.599198e+002	
6.571512e+002	6.558817e+002	6.556895e+002	
6.587327e+002	6.567311e+002	6.564276e+002	
6.556348e+002	6.533444e+002	6.530001e+002	
6.600812e+002	6.581266e+002	6.578296e+002	
6.560555e+002	6.539099e+002	6.535879e+002	
6.574421e+002	6.555459e+002	6.552588e+002	
6.567319e+002	6.547080e+002	6.544025e+002	
6.637194e+002	6.612048e+002	6.608294e+002	
6.620645e+002	6.599241e+002	6.596021e+002	
6.623179e+002	6.596561e+002	6.592498e+002	
6.598553e+002	6.572749e+002	6.568857e+002	
6.661311e+002	6.642044e+002	6.639150e+002	
5.845513e+002	4.972900e+002	4.840609e+002	
4.451469e+002	3.481337e+002	3.333482e+002	
3.799621e+002	2.830136e+002	2.682357e+002	
3.358269e+002	2.448171e+002	2.309359e+002	
2.988896e+002	2.237701e+002	2.122659e+002	
2.609478e+002	2.043357e+002	1.956875e+002	
6.161178e+002	5.442200e+002	5.333596e+002	
5.206229e+002	4.376690e+002	4.251028e+002	
4.349023e+002	3.511535e+002	3.384594e+002	
3.801241e+002	3.022289e+002	2.904089e+002	
3.216549e+002	2.560681e+002	2.461043e+002	
2.943758e+002	2.431065e+002	2.353231e+002	
1.908988e+001	5.359632e+000	3.218005e+000	
2.522790e+001	7.800083e+000	5.082804e+000	
3.005878e+001	9.789312e+000	6.628099e+000	
5.769817e+001	3.054477e+001	2.630942e+001	
1.785252e+002	1.235528e+002	1.149792e+002	
5.700814e+002	4.825051e+002	4.688449e+002	
2.985918e+002	2.288495e+002	2.179818e+002	
1.118115e+002	9.665311e+001	9.429819e+001	
8.764944e+001	8.373506e+001	8.312659e+001	
7.514517e+001	7.377189e+001	7.355859e+001	
7.688091e+001	7.648351e+001	7.642287e+001	
7.309524e+001	7.293211e+001	7.290716e+001	
2.487021e+002	1.696373e+002	1.574297e+002	
8.434374e+001	5.704338e+001	5.288386e+001	
5.222563e+001	3.540751e+001	3.288671e+001	
4.092041e+001	2.765042e+001	2.567035e+001	
2.340186e+001	1.363650e+001	1.217796e+001	
2.164293e+001	1.336112e+001	1.212353e+001	
3.234862e+002	2.450061e+002	2.328396e+002	
8.236300e+001	4.649002e+001	4.092382e+001	
4.567042e+001	1.832443e+001	1.407354e+001	
3.446243e+001	9.643471e+000	5.783659e+000	
3.288275e+001	9.905136e+000	6.332628e+000	
2.365288e+001	6.328251e+000	3.636862e+000	
4.386093e+002	4.120162e+002	4.080848e+002	
4.589419e+002	4.232109e+002	4.178888e+002	
4.739857e+002	4.336892e+002	4.276437e+002	
4.992256e+002	4.526520e+002	4.456092e+002	
5.693677e+002	5.184135e+002	5.106719e+002	
6.815694e+002	6.418503e+002	6.358220e+002	
5.165737e+002	4.939492e+002	4.905764e+002	
5.376413e+002	5.072240e+002	5.027044e+002	
5.510242e+002	5.154634e+002	5.101543e+002	
5.741965e+002	5.355394e+002	5.297252e+002	
6.338684e+002	5.966411e+002	5.910298e+002	
6.823201e+002	6.512607e+002	6.465781e+002	
6.355433e+002	5.433998e+002	5.298004e+002	
5.079915e+002	4.076696e+002	3.928624e+002	
4.057136e+002	3.115636e+002	2.977125e+002	
3.337560e+002	2.547461e+002	2.431329e+002	
2.703711e+002	2.095419e+002	2.005797e+002	
2.236318e+002	1.761247e+002	1.691273e+002	
6.300444e+002	5.355336e+002	5.215135e+002	
5.038411e+002	3.961788e+002	3.802318e+002	
4.086557e+002	3.093953e+002	2.947158e+002	
3.456921e+002	2.608528e+002	2.482916e+002	
2.799390e+002	2.148650e+002	2.051928e+002	
2.335322e+002	1.824792e+002	1.748860e+002	
6.349282e+002	5.372419e+002	5.227248e+002	
4.968415e+002	3.829218e+002	3.660026e+002	
3.935638e+002	2.854069e+002	2.693554e+002	
3.209057e+002	2.261062e+002	2.119870e+002	
2.657161e+002	1.921942e+002	1.812188e+002	
2.159513e+002	1.594526e+002	1.510480e+002	
1.589615e+002	1.314812e+002	1.273462e+002	
2.029408e+002	1.664899e+002	1.609936e+002	
2.580255e+002	2.085345e+002	2.010257e+002	
3.590235e+002	2.949289e+002	2.851461e+002	
6.376135e+002	5.704047e+002	5.601132e+002	
7.957894e+002	6.668597e+002	6.469706e+002	
1.040767e+002	7.761492e+001	7.355461e+001	
1.464041e+002	1.072700e+002	1.012340e+002	
2.038366e+002	1.477671e+002	1.391281e+002	
3.413521e+002	2.670237e+002	2.555285e+002	
6.511533e+002	5.848064e+002	5.745254e+002	
7.928989e+002	6.685983e+002	6.493661e+002	
1.328294e+002	9.984566e+001	9.476257e+001	
1.857731e+002	1.379441e+002	1.305555e+002	
2.552857e+002	1.880233e+002	1.776096e+002	
4.068635e+002	3.214154e+002	3.081334e+002	
6.793900e+002	6.032329e+002	5.914207e+002	
7.909357e+002	6.668837e+002	6.476456e+002	
2.931600e+002	2.348660e+002	2.259759e+002	
3.505634e+002	2.748340e+002	2.632643e+002	
4.242167e+002	3.334902e+002	3.196523e+002	
5.220641e+002	4.216786e+002	4.063702e+002	
6.461659e+002	5.534485e+002	5.393250e+002	
2.632395e+002	1.967451e+002	1.865190e+002	
3.051568e+002	2.261520e+002	2.140073e+002	
3.699767e+002	2.786944e+002	2.646636e+002	
4.507716e+002	3.487018e+002	3.330151e+002	
5.402358e+002	4.249787e+002	4.072284e+002	
6.060585e+002	5.111415e+002	4.967784e+002	
5.011695e+002	4.101862e+002	3.964048e+002	
4.322896e+002	3.593757e+002	3.484258e+002	
3.561983e+002	2.971242e+002	2.882621e+002	
3.026305e+002	2.568777e+002	2.500870e+002	
4.717651e+002	3.693378e+002	3.535901e+002	
3.982112e+002	3.099067e+002	2.963701e+002	
3.443974e+002	2.692909e+002	2.577639e+002	
2.974484e+002	2.344232e+002	2.247676e+002	
2.739250e+002	2.183892e+002	2.098936e+002	
1.689028e+002	1.281618e+002	1.220015e+002	
2.226908e+002	1.632864e+002	1.542858e+002	
2.908021e+002	2.121632e+002	2.002512e+002	
4.094980e+002	3.055698e+002	2.898265e+002	
5.719209e+002	4.511415e+002	4.329655e+002	
1.082749e+002	6.702068e+001	6.070117e+001	
1.495256e+002	9.314693e+001	8.453152e+001	
2.001006e+002	1.241264e+002	1.125182e+002	
3.012095e+002	1.938843e+002	1.774761e+002	
4.923076e+002	3.564064e+002	3.357241e+002	
4.638691e+002	3.682195e+002	3.537024e+002	
3.230325e+002	2.546065e+002	2.442171e+002	
2.560520e+002	2.041581e+002	1.963144e+002	
2.042341e+002	1.643255e+002	1.582741e+002	
1.721002e+002	1.418278e+002	1.372846e+002	
8.534200e+001	4.167862e+001	3.498231e+001	
1.277250e+002	6.538397e+001	5.586120e+001	
1.724834e+002	9.281315e+001	8.062283e+001	
2.546993e+002	1.416984e+002	1.243712e+002	
4.216345e+002	2.639968e+002	2.399855e+002	
7.600816e+001	4.106199e+001	3.572355e+001	
1.076305e+002	5.683929e+001	4.906908e+001	
1.555186e+002	8.647025e+001	7.594971e+001	
2.493311e+002	1.418806e+002	1.254517e+002	
4.217892e+002	2.601170e+002	2.355508e+002	
6.005079e+002	5.003571e+002	4.853731e+002	
5.071868e+002	4.114313e+002	3.971801e+002	
4.188094e+002	3.407733e+002	3.292434e+002	
3.441432e+002	2.813410e+002	2.721053e+002	
2.796481e+002	2.322995e+002	2.253071e+002	
5.830120e+002	4.792411e+002	4.638254e+002	
4.782617e+002	3.780680e+002	3.632109e+002	
3.826506e+002	2.994515e+002	2.872059e+002	
3.074697e+002	2.437875e+002	2.344770e+002	
2.420342e+002	1.939004e+002	1.868291e+002	
5.618636e+002	4.577473e+002	4.422527e+002	
4.570468e+002	3.584198e+002	3.437951e+002	
3.628811e+002	2.784515e+002	2.659861e+002	
2.940497e+002	2.292148e+002	2.196632e+002	
2.378021e+002	1.888780e+002	1.816706e+002	
3.532971e+002	3.024566e+002	2.946716e+002	
4.281628e+002	3.619198e+002	3.517873e+002	
4.868470e+002	4.050789e+002	3.925430e+002	
5.918284e+002	5.022696e+002	4.884825e+002	
6.745140e+002	5.874053e+002	5.740050e+002	
3.070199e+002	2.541029e+002	2.459693e+002	
3.635751e+002	2.958344e+002	2.854632e+002	
4.302184e+002	3.496155e+002	3.372234e+002	
5.283860e+002	4.332000e+002	4.185339e+002	
6.409447e+002	5.384881e+002	5.226777e+002	
2.730988e+002	1.834117e+002	1.694224e+002	
8.273587e+001	4.145575e+001	3.501692e+001	
4.617283e+001	1.686458e+001	1.229312e+001	
3.453923e+001	1.009515e+001	6.282397e+000	
2.512863e+001	6.293607e+000	3.355739e+000	
9.456921e+001	8.553667e+001	8.422209e+001	
1.080663e+002	9.655679e+001	9.486361e+001	
1.324012e+002	1.154074e+002	1.128774e+002	
2.018481e+002	1.671541e+002	1.618294e+002	
4.896388e+002	4.067098e+002	3.938912e+002	
2.783768e+001	2.288848e+001	2.214880e+001	
3.561453e+001	2.884253e+001	2.782907e+001	
4.816267e+001	3.758696e+001	3.598012e+001	
8.132126e+001	5.858689e+001	5.509357e+001	
2.534891e+002	1.841512e+002	1.733823e+002	
2.868017e+001	7.620838e+000	4.347286e+000	
3.735656e+001	1.170797e+001	7.719916e+000	
5.529264e+001	2.404879e+001	1.919409e+001	
1.064435e+002	5.773638e+001	5.017106e+001	
3.782867e+002	2.802401e+002	2.649797e+002	
6.269332e+002	5.215598e+002	5.057259e+002	
5.247230e+002	4.203079e+002	4.046323e+002	
4.453390e+002	3.589341e+002	3.460163e+002	
3.684884e+002	2.979725e+002	2.874011e+002	
3.091422e+002	2.541359e+002	2.458944e+002	
5.775251e+002	4.585363e+002	4.406211e+002	
4.660051e+002	3.603275e+002	3.443324e+002	
3.944239e+002	3.087687e+002	2.958628e+002	
3.380229e+002	2.685957e+002	2.580815e+002	
2.908127e+002	2.360785e+002	2.278417e+002	
2.303814e+002	1.782356e+002	1.702628e+002	
3.404681e+002	2.658719e+002	2.543757e+002	
4.619201e+002	3.487032e+002	3.311429e+002	
5.861243e+002	4.566836e+002	4.365964e+002	
7.140568e+002	5.976685e+002	5.796066e+002	
2.443735e+002	1.928849e+002	1.849569e+002	
3.331631e+002	2.579008e+002	2.463291e+002	
4.435627e+002	3.436819e+002	3.282410e+002	
5.659305e+002	4.533441e+002	4.359099e+002	
6.969346e+002	5.941683e+002	5.782828e+002	
2.701989e+002	2.184694e+002	2.105629e+002	
3.600776e+002	2.898907e+002	2.791411e+002	
4.589165e+002	3.679724e+002	3.539551e+002	
5.864841e+002	4.805156e+002	4.641736e+002	
6.904167e+002	5.924968e+002	5.773766e+002	
7.043209e+002	5.958435e+002	5.791140e+002	
6.708472e+002	5.522245e+002	5.339805e+002	
5.982874e+002	5.118506e+002	4.986280e+002	
4.074584e+002	3.646093e+002	3.583247e+002	
2.788204e+002	2.441762e+002	2.390832e+002	
7.488079e+002	6.251141e+002	6.059697e+002	
7.241340e+002	5.859314e+002	5.645486e+002	
6.530601e+002	5.493394e+002	5.334165e+002	
4.268344e+002	3.860224e+002	3.799762e+002	
2.481865e+002	2.173134e+002	2.127578e+002	
7.534678e+002	6.257052e+002	6.059070e+002	
7.490481e+002	6.060905e+002	5.839720e+002	
6.668395e+002	5.576343e+002	5.408333e+002	
4.293675e+002	3.856031e+002	3.791356e+002	
2.474584e+002	2.132568e+002	2.081805e+002	
5.361982e+002	4.873189e+002	4.796949e+002	
4.632295e+002	4.139253e+002	4.062349e+002	
4.447895e+002	3.962926e+002	3.887280e+002	
4.448161e+002	3.984467e+002	3.912144e+002	
4.343044e+002	3.897546e+002	3.828061e+002	
4.161075e+002	3.855905e+002	3.808304e+002	
5.897946e+002	5.676064e+002	5.641455e+002	
5.502557e+002	5.244551e+002	5.204308e+002	
5.332156e+002	5.072707e+002	5.032240e+002	
5.221072e+002	4.978926e+002	4.941160e+002	
5.200872e+002	4.989737e+002	4.956804e+002	
5.169139e+002	5.019704e+002	4.996394e+002	
4.729518e+002	4.329956e+002	4.268885e+002	
4.861580e+002	4.400130e+002	4.329165e+002	
4.878836e+002	4.405905e+002	4.333382e+002	
4.932662e+002	4.444420e+002	4.369712e+002	
5.351865e+002	4.849641e+002	4.772487e+002	
6.562260e+002	6.171721e+002	6.111664e+002	
5.566569e+002	5.358686e+002	5.326858e+002	
5.592961e+002	5.322177e+002	5.280629e+002	
5.653932e+002	5.376028e+002	5.333398e+002	
5.770741e+002	5.494063e+002	5.451749e+002	
6.043025e+002	5.770893e+002	5.729198e+002	
6.574744e+002	6.379614e+002	6.349712e+002	
5.576110e+002	5.374073e+002	5.342560e+002	
5.369686e+002	5.188395e+002	5.160117e+002	
5.273347e+002	5.094912e+002	5.067080e+002	
5.264118e+002	5.086227e+002	5.058479e+002	
5.222611e+002	5.056420e+002	5.030493e+002	
5.159379e+002	5.038863e+002	5.020065e+002	
6.056090e+002	6.021489e+002	6.016091e+002	
5.900570e+002	5.859581e+002	5.853187e+002	
5.898530e+002	5.858299e+002	5.852023e+002	
5.868607e+002	5.829854e+002	5.823810e+002	
5.812560e+002	5.779567e+002	5.774424e+002	
5.881070e+002	5.857739e+002	5.854102e+002	
4.012729e+002	3.290924e+002	3.178816e+002	
4.202060e+002	3.425709e+002	3.304964e+002	
4.311581e+002	3.501162e+002	3.375152e+002	
4.314743e+002	3.509115e+002	3.383934e+002	
4.553006e+002	3.756744e+002	3.633177e+002	
6.208385e+002	5.514835e+002	5.406980e+002	
6.027099e+002	6.027099e+002	6.027099e+002	
6.097939e+002	6.097939e+002	6.097939e+002	
6.072776e+002	6.072776e+002	6.072776e+002	
6.059532e+002	6.059532e+002	6.059532e+002	
6.028724e+002	6.028724e+002	6.028724e+002	
5.983707e+002	5.983707e+002	5.983707e+002	
6.027099e+002	6.027099e+002	6.027099e+002	
6.097939e+002	6.097939e+002	6.097939e+002	
6.072776e+002	6.072776e+002	6.072776e+002	
6.059532e+002	6.059532e+002	6.059532e+002	
6.028724e+002	6.028724e+002	6.028724e+002	
5.983707e+002	5.983707e+002	5.983707e+002	
5.862872e+002	5.611482e+002	5.577579e+002	
6.354662e+002	6.005915e+002	5.956537e+002	
6.909044e+002	6.299036e+002	6.206970e+002	
7.340089e+002	6.564315e+002	6.445535e+002	
7.446307e+002	6.684284e+002	6.567282e+002	
7.585305e+002	6.809057e+002	6.689871e+002	
5.196082e+002	4.846075e+002	4.797353e+002	
6.265779e+002	5.824190e+002	5.761387e+002	
7.073273e+002	6.269918e+002	6.148623e+002	
7.522283e+002	6.550640e+002	6.401506e+002	
7.674683e+002	6.779550e+002	6.641697e+002	
7.743063e+002	6.865793e+002	6.730316e+002	
4.804606e+002	4.405837e+002	4.349777e+002	
6.214174e+002	5.688832e+002	5.613735e+002	
7.111105e+002	6.217458e+002	6.082562e+002	
7.616543e+002	6.575439e+002	6.415662e+002	
7.853315e+002	6.834792e+002	6.677903e+002	
7.812829e+002	6.884244e+002	6.741055e+002	
6.047369e+002	4.978354e+002	4.812256e+002	
4.585949e+002	3.457840e+002	3.282529e+002	
3.794549e+002	2.684242e+002	2.511882e+002	
3.127027e+002	2.169611e+002	2.021244e+002	
2.451676e+002	1.676572e+002	1.556840e+002	
2.005256e+002	1.402736e+002	1.309777e+002	
6.520434e+002	5.526230e+002	5.372009e+002	
5.423235e+002	4.363518e+002	4.199141e+002	
4.392362e+002	3.354272e+002	3.193405e+002	
3.535170e+002	2.616418e+002	2.474728e+002	
2.783512e+002	2.029814e+002	1.914192e+002	
2.352682e+002	1.763249e+002	1.672911e+002	
1.424973e+001	3.222141e+000	1.502070e+000	
2.211020e+001	7.250673e+000	4.932911e+000	
2.789998e+001	9.513339e+000	6.645416e+000	
5.663084e+001	2.987533e+001	2.570203e+001	
1.854705e+002	1.315561e+002	1.231466e+002	
5.680261e+002	4.807797e+002	4.671711e+002	
3.248264e+002	2.454252e+002	2.330954e+002	
1.240041e+002	1.004180e+002	9.675668e+001	
8.750452e+001	7.574470e+001	7.392753e+001	
7.412970e+001	6.499173e+001	6.358156e+001	
5.908648e+001	5.230356e+001	5.125297e+001	
4.730298e+001	4.020705e+001	3.911920e+001	
2.381934e+002	1.642187e+002	1.527166e+002	
8.792931e+001	6.431094e+001	6.066548e+001	
6.423274e+001	5.114341e+001	4.914268e+001	
4.696948e+001	4.025593e+001	3.926700e+001	
4.204340e+001	3.804118e+001	3.746728e+001	
4.474008e+001	4.215272e+001	4.178201e+001	
3.191182e+002	2.393915e+002	2.269921e+002	
7.961787e+001	4.461457e+001	3.917597e+001	
3.880886e+001	1.489462e+001	1.117824e+001	
3.098605e+001	1.152714e+001	8.504444e+000	
2.514928e+001	8.964430e+000	6.449198e+000	
1.444742e+001	3.545636e+000	1.851841e+000	
3.359522e+002	2.897051e+002	2.829244e+002	
4.168854e+002	3.563738e+002	3.474213e+002	
4.858594e+002	4.003008e+002	3.873750e+002	
5.610321e+002	4.548613e+002	4.386697e+002	
6.478456e+002	5.308041e+002	5.128885e+002	
7.714320e+002	6.616569e+002	6.448109e+002	
3.895292e+002	3.450160e+002	3.384590e+002	
4.777433e+002	4.191348e+002	4.104515e+002	
5.600215e+002	4.795240e+002	4.673764e+002	
6.308419e+002	5.303390e+002	5.150016e+002	
7.090889e+002	6.106580e+002	5.955786e+002	
7.707300e+002	6.735995e+002	6.586818e+002	
6.250404e+002	5.697948e+002	5.611888e+002	
5.730049e+002	5.086779e+002	4.986443e+002	
5.393859e+002	4.739523e+002	4.637526e+002	
4.984416e+002	4.386128e+002	4.292869e+002	
4.657198e+002	4.188367e+002	4.115362e+002	
4.416815e+002	4.052957e+002	3.996240e+002	
6.287408e+002	5.540855e+002	5.424650e+002	
5.420678e+002	4.573127e+002	4.440995e+002	
4.863195e+002	4.029939e+002	3.900045e+002	
4.448953e+002	3.714824e+002	3.600397e+002	
3.946077e+002	3.354725e+002	3.262551e+002	
3.601303e+002	3.156805e+002	3.087538e+002	
6.375760e+002	5.532414e+002	5.401133e+002	
5.360336e+002	4.413719e+002	4.266304e+002	
4.618482e+002	3.670709e+002	3.523080e+002	
3.924918e+002	3.068064e+002	2.934620e+002	
3.425365e+002	2.753748e+002	2.649229e+002	
3.071495e+002	2.551228e+002	2.470255e+002	
6.386726e+002	6.386726e+002	6.386726e+002	
6.450182e+002	6.450182e+002	6.450182e+002	
6.438148e+002	6.438148e+002	6.438148e+002	
6.419149e+002	6.419149e+002	6.419149e+002	
6.435635e+002	6.435635e+002	6.435635e+002	
6.384640e+002	6.384640e+002	6.384640e+002	
6.436781e+002	6.436781e+002	6.436781e+002	
6.340715e+002	6.340715e+002	6.340715e+002	
6.445441e+002	6.445441e+002	6.445441e+002	
6.429030e+002	6.429030e+002	6.429030e+002	
6.452325e+002	6.452325e+002	6.452325e+002	
6.495170e+002	6.495170e+002	6.495170e+002	
6.512164e+002	6.512164e+002	6.512164e+002	
6.415625e+002	6.415625e+002	6.415625e+002	
6.400693e+002	6.400693e+002	6.400693e+002	
6.429030e+002	6.429030e+002	6.429030e+002	
6.452524e+002	6.452524e+002	6.452524e+002	
6.452524e+002	6.452524e+002	6.452524e+002	
3.471310e+002	2.895881e+002	2.807480e+002	
4.436028e+002	3.691342e+002	3.576624e+002	
5.103607e+002	4.186182e+002	4.044067e+002	
5.844887e+002	4.802411e+002	4.640826e+002	
6.707632e+002	5.636179e+002	5.469865e+002	
7.533224e+002	6.445291e+002	6.276539e+002	
3.724161e+002	3.263478e+002	3.193441e+002	
4.733645e+002	4.141382e+002	4.050648e+002	
5.497006e+002	4.698750e+002	4.575988e+002	
6.308354e+002	5.399464e+002	5.258823e+002	
7.112838e+002	6.182748e+002	6.038809e+002	
7.593872e+002	6.656744e+002	6.512030e+002	
6.740659e+002	5.685515e+002	5.528751e+002	
6.051106e+002	4.999385e+002	4.841460e+002	
5.466879e+002	4.546911e+002	4.408289e+002	
5.018836e+002	4.276115e+002	4.164560e+002	
4.233722e+002	3.669697e+002	3.585333e+002	
3.715117e+002	3.314167e+002	3.254427e+002	
5.457535e+002	4.281229e+002	4.099173e+002	
5.177248e+002	4.086455e+002	3.917762e+002	
4.774272e+002	3.845560e+002	3.702044e+002	
4.559420e+002	3.791668e+002	3.673348e+002	
3.980711e+002	3.333219e+002	3.233804e+002	
3.498651e+002	2.974230e+002	2.893771e+002	
2.214064e+002	1.814370e+002	1.752704e+002	
2.846543e+002	2.282935e+002	2.196246e+002	
3.696805e+002	2.965849e+002	2.852691e+002	
4.954505e+002	4.061622e+002	3.923133e+002	
6.749618e+002	5.875253e+002	5.739489e+002	
7.754440e+002	6.643548e+002	6.471535e+002	
2.673698e+002	2.350490e+002	2.300961e+002	
3.365957e+002	2.891388e+002	2.818403e+002	
4.228602e+002	3.501440e+002	3.389063e+002	
5.529284e+002	4.680661e+002	4.549037e+002	
7.143820e+002	6.323777e+002	6.196539e+002	
7.872617e+002	6.789904e+002	6.622275e+002	
6.447407e+002	5.159545e+002	4.964642e+002	
5.120968e+002	4.080099e+002	3.920152e+002	
4.162105e+002	3.409073e+002	3.293536e+002	
3.694543e+002	3.158482e+002	3.076202e+002	
3.174335e+002	2.774849e+002	2.713553e+002	
2.685246e+002	2.400655e+002	2.357324e+002	
2.310182e+002	1.911051e+002	1.850635e+002	
2.849277e+002	2.294110e+002	2.209574e+002	
3.491825e+002	2.745820e+002	2.631844e+002	
4.878331e+002	3.998322e+002	3.863454e+002	
7.077660e+002	6.208794e+002	6.075599e+002	
7.813295e+002	6.727316e+002	6.560752e+002	
2.622836e+002	2.179404e+002	2.112334e+002	
3.315254e+002	2.709743e+002	2.618235e+002	
4.079069e+002	3.298797e+002	3.179857e+002	
5.241469e+002	4.353441e+002	4.217778e+002	
7.041580e+002	6.195818e+002	6.066559e+002	
7.688531e+002	6.619894e+002	6.455989e+002	
6.402922e+002	5.789074e+002	5.697746e+002	
5.735518e+002	5.046611e+002	4.944547e+002	
5.200610e+002	4.539960e+002	4.441652e+002	
4.656051e+002	4.076055e+002	3.990365e+002	
4.315900e+002	3.849993e+002	3.781340e+002	
4.027078e+002	3.660510e+002	3.606711e+002	
6.389067e+002	5.588762e+002	5.470513e+002	
5.447794e+002	4.547030e+002	4.414113e+002	
4.678166e+002	3.863594e+002	3.743807e+002	
4.102027e+002	3.427563e+002	3.328766e+002	
3.609561e+002	3.115741e+002	3.043559e+002	
3.252329e+002	2.866979e+002	2.810628e+002	
6.589263e+002	5.601968e+002	5.455475e+002	
5.344679e+002	4.224834e+002	4.058969e+002	
4.399834e+002	3.415376e+002	3.269912e+002	
3.762196e+002	2.975747e+002	2.860476e+002	
3.214559e+002	2.640741e+002	2.556811e+002	
2.895894e+002	2.468863e+002	2.406343e+002	
5.646178e+002	5.376141e+002	5.334017e+002	
5.825984e+002	5.472089e+002	5.416885e+002	
5.868722e+002	5.501047e+002	5.443699e+002	
5.953237e+002	5.560427e+002	5.499155e+002	
6.161050e+002	5.784597e+002	5.725879e+002	
6.546409e+002	6.273742e+002	6.231241e+002	
4.980265e+002	4.534062e+002	4.464463e+002	
5.259138e+002	4.939676e+002	4.889843e+002	
5.137301e+002	4.600402e+002	4.516671e+002	
5.362403e+002	5.008577e+002	4.953387e+002	
5.605913e+002	4.971071e+002	4.872049e+002	
6.481794e+002	6.211819e+002	6.169738e+002	
2.794954e+002	1.888748e+002	1.747399e+002	
8.668008e+001	3.835291e+001	3.081489e+001	
5.869249e+001	1.984853e+001	1.378968e+001	
5.153739e+001	1.389770e+001	8.026711e+000	
4.923064e+001	1.250053e+001	6.771406e+000	
3.420148e+001	7.944887e+000	3.849415e+000	
1.048326e+002	1.044898e+002	1.044475e+002	
1.018584e+002	1.011656e+002	1.010622e+002	
1.087675e+002	1.063757e+002	1.060120e+002	
1.164568e+002	1.078127e+002	1.064717e+002	
2.073996e+002	1.717669e+002	1.662218e+002	
5.846373e+002	5.022322e+002	4.893788e+002	
9.460276e+001	9.415706e+001	9.410771e+001	
8.723006e+001	8.600802e+001	8.582505e+001	
9.276672e+001	9.041827e+001	9.005701e+001	
1.073741e+002	9.952886e+001	9.832036e+001	
1.791922e+002	1.472394e+002	1.422713e+002	
5.050358e+002	4.186065e+002	4.051288e+002	
4.401219e+001	1.005475e+001	4.778836e+000	
4.816324e+001	1.085244e+001	5.056322e+000	
5.684519e+001	1.858378e+001	1.263500e+001	
7.090823e+001	2.799064e+001	2.132677e+001	
1.664503e+002	9.853278e+001	8.798814e+001	
5.572630e+002	4.516596e+002	4.352487e+002	
6.132459e+002	5.512571e+002	5.419503e+002	
5.618614e+002	4.896505e+002	4.788639e+002	
5.400921e+002	4.684089e+002	4.576324e+002	
5.211917e+002	4.517500e+002	4.413086e+002	
4.923052e+002	4.295585e+002	4.201108e+002	
4.746965e+002	4.311054e+002	4.245079e+002	
6.289058e+002	5.841550e+002	5.774203e+002	
5.937314e+002	5.399943e+002	5.319036e+002	
5.592590e+002	5.030600e+002	4.946024e+002	
5.335103e+002	4.801780e+002	4.721357e+002	
5.150255e+002	4.685323e+002	4.615284e+002	
4.927910e+002	4.565855e+002	4.511095e+002	
6.192082e+002	6.175396e+002	6.172985e+002	
6.294415e+002	6.274285e+002	6.271337e+002	
6.348638e+002	6.325756e+002	6.322438e+002	
6.306251e+002	6.280974e+002	6.277281e+002	
6.292316e+002	6.275302e+002	6.272805e+002	
6.282555e+002	6.262900e+002	6.259999e+002	
6.219402e+002	6.187948e+002	6.183326e+002	
6.235252e+002	6.190507e+002	6.183956e+002	
6.304799e+002	6.259833e+002	6.253286e+002	
6.324577e+002	6.277944e+002	6.271151e+002	
6.338207e+002	6.292496e+002	6.285726e+002	
6.318281e+002	6.291546e+002	6.287592e+002	
6.204697e+002	6.146651e+002	6.138102e+002	
6.179378e+002	6.135034e+002	6.128541e+002	
6.266941e+002	6.222245e+002	6.215736e+002	
6.286669e+002	6.197759e+002	6.184711e+002	
6.318538e+002	6.272968e+002	6.266219e+002	
6.317763e+002	6.291030e+002	6.287076e+002	
6.773881e+002	5.989177e+002	5.872628e+002	
6.133280e+002	5.276368e+002	5.149943e+002	
5.645302e+002	4.825118e+002	4.704677e+002	
5.146967e+002	4.468286e+002	4.369509e+002	
4.421281e+002	3.907085e+002	3.832515e+002	
3.924854e+002	3.516180e+002	3.456947e+002	
6.783453e+002	5.908699e+002	5.778948e+002	
5.936157e+002	4.926412e+002	4.778708e+002	
5.294196e+002	4.329801e+002	4.189680e+002	
4.631892e+002	3.806096e+002	3.686407e+002	
4.006672e+002	3.372315e+002	3.280125e+002	
3.497780e+002	2.997163e+002	2.924291e+002	
6.679069e+002	5.836662e+002	5.712087e+002	
5.754210e+002	4.752890e+002	4.605872e+002	
5.086546e+002	4.136208e+002	3.998192e+002	
4.579101e+002	3.757461e+002	3.638088e+002	
3.873011e+002	3.211794e+002	3.115542e+002	
3.467982e+002	2.971199e+002	2.898749e+002	
5.783139e+002	4.782895e+002	4.629117e+002	
4.671963e+002	3.750049e+002	3.608781e+002	
4.193375e+002	3.475279e+002	3.366010e+002	
3.318622e+002	2.806568e+002	2.729273e+002	
2.521089e+002	2.110057e+002	2.048019e+002	
6.526817e+002	5.625120e+002	5.487307e+002	
5.666077e+002	4.807229e+002	4.676335e+002	
5.064114e+002	4.411554e+002	4.312610e+002	
4.184059e+002	3.730182e+002	3.662222e+002	
3.265315e+002	2.896714e+002	2.841719e+002	
2.261101e+002	1.602340e+002	1.502632e+002	
3.073351e+002	2.195597e+002	2.062993e+002	
3.673116e+002	2.638271e+002	2.481858e+002	
4.524047e+002	3.424039e+002	3.258312e+002	
6.112977e+002	5.075156e+002	4.919085e+002	
2.575131e+002	1.971154e+002	1.880099e+002	
3.393041e+002	2.574859e+002	2.451647e+002	
4.227879e+002	3.237101e+002	3.087668e+002	
5.256709e+002	4.240818e+002	4.088383e+002	
6.446849e+002	5.523141e+002	5.384690e+002	
7.276047e+002	6.065907e+002	5.878960e+002	
7.134000e+002	5.776867e+002	5.567287e+002	
6.357955e+002	5.458295e+002	5.320536e+002	
4.352236e+002	3.980154e+002	3.925413e+002	
2.529216e+002	2.251866e+002	2.210912e+002	
5.727581e+002	4.436525e+002	4.236532e+002	
5.492535e+002	4.193316e+002	3.992328e+002	
4.838428e+002	3.880715e+002	3.733307e+002	
3.118217e+002	2.665358e+002	2.597209e+002	
1.918201e+002	1.597432e+002	1.549045e+002	
2.226049e+002	1.681898e+002	1.599240e+002	
3.254421e+002	2.318574e+002	2.176290e+002	
4.067043e+002	2.780005e+002	2.585292e+002	
4.625834e+002	3.260619e+002	3.055300e+002	
5.709111e+002	4.455226e+002	4.266594e+002	
7.762863e+002	6.374373e+002	6.159189e+002	
7.899094e+002	6.252498e+002	5.997465e+002	
7.172552e+002	5.926852e+002	5.734744e+002	
4.065643e+002	3.687777e+002	3.632421e+002	
1.959891e+002	1.685174e+002	1.644555e+002	
7.750172e+002	6.363953e+002	6.149119e+002	
7.882180e+002	6.239110e+002	5.984622e+002	
7.219374e+002	5.954918e+002	5.760020e+002	
4.004341e+002	3.638647e+002	3.585104e+002	
2.036482e+002	1.780675e+002	1.743250e+002	
2.368186e+002	1.799138e+002	1.713855e+002	
3.236845e+002	2.445246e+002	2.326656e+002	
4.224108e+002	3.190285e+002	3.035582e+002	
5.674709e+002	4.516465e+002	4.343147e+002	
7.127162e+002	6.108098e+002	5.955385e+002	
2.539422e+002	2.019272e+002	1.940971e+002	
3.656438e+002	2.903515e+002	2.790861e+002	
4.791566e+002	3.738743e+002	3.580472e+002	
5.986230e+002	4.781947e+002	4.600140e+002	
7.275950e+002	6.219578e+002	6.060146e+002	
3.073276e+002	2.596056e+002	2.524476e+002	
4.612653e+002	3.954231e+002	3.855942e+002	
5.671147e+002	4.612688e+002	4.452465e+002	
6.591955e+002	5.445932e+002	5.272057e+002	
7.392777e+002	6.364720e+002	6.208915e+002	
5.931601e+002	4.870764e+002	4.709007e+002	
4.504843e+002	3.505918e+002	3.354003e+002	
3.687491e+002	2.885495e+002	2.764476e+002	
3.043066e+002	2.420160e+002	2.326363e+002	
2.482271e+002	2.000770e+002	1.928182e+002	
6.316465e+002	5.333807e+002	5.184637e+002	
5.260123e+002	4.315883e+002	4.173495e+002	
4.269236e+002	3.509322e+002	3.395122e+002	
3.581689e+002	2.961361e+002	2.868485e+002	
2.960388e+002	2.482952e+002	2.411304e+002	
1.626740e+001	3.860140e+000	1.924872e+000	
2.550575e+001	9.414876e+000	6.905045e+000	
4.176020e+001	2.073022e+001	1.744997e+001	
1.119314e+002	7.331834e+001	6.729553e+001	
4.226781e+002	3.389899e+002	3.259365e+002	
3.057313e+002	2.268592e+002	2.146265e+002	
1.026443e+002	7.937346e+001	7.579845e+001	
6.451824e+001	5.196991e+001	5.007781e+001	
5.480386e+001	4.544823e+001	4.404369e+001	
4.775166e+001	3.976505e+001	3.857755e+001	
2.578841e+002	1.770918e+002	1.645921e+002	
9.448898e+001	6.909890e+001	6.520950e+001	
6.098676e+001	5.039729e+001	4.881835e+001	
4.594400e+001	3.817087e+001	3.703126e+001	
4.172102e+001	3.647299e+001	3.570912e+001	
3.082715e+002	2.315609e+002	2.196356e+002	
7.085799e+001	3.984562e+001	3.503751e+001	
3.237256e+001	1.242775e+001	9.333549e+000	
2.227262e+001	7.033687e+000	4.670273e+000	
1.663901e+001	5.204621e+000	3.439539e+000	
2.423375e+002	1.848715e+002	1.762725e+002	
3.022682e+002	2.261150e+002	2.147084e+002	
3.870694e+002	2.994228e+002	2.863003e+002	
5.117093e+002	4.147764e+002	4.002433e+002	
6.669884e+002	5.764191e+002	5.628528e+002	
2.808156e+002	2.252520e+002	2.169406e+002	
3.604002e+002	2.886982e+002	2.780017e+002	
4.539713e+002	3.716163e+002	3.593103e+002	
5.780521e+002	4.923322e+002	4.794792e+002	
6.901635e+002	6.099952e+002	5.979684e+002	
6.522407e+002	5.317205e+002	5.135384e+002	
5.690688e+002	4.501461e+002	4.322541e+002	
4.700410e+002	3.886901e+002	3.766183e+002	
3.875982e+002	3.227716e+002	3.132034e+002	
3.083571e+002	2.611224e+002	2.540827e+002	
6.309373e+002	5.105209e+002	4.923820e+002	
5.302946e+002	4.134959e+002	3.960223e+002	
4.410715e+002	3.541627e+002	3.412769e+002	
3.540571e+002	2.902255e+002	2.808032e+002	
2.925195e+002	2.468953e+002	2.401030e+002	
6.193174e+002	4.992626e+002	4.812151e+002	
5.157563e+002	3.998242e+002	3.824685e+002	
4.246928e+002	3.367045e+002	3.236613e+002	
3.441902e+002	2.792252e+002	2.696434e+002	
2.892215e+002	2.441406e+002	2.374769e+002	
2.020952e+002	1.470166e+002	1.387280e+002	
2.547731e+002	1.762747e+002	1.644439e+002	
3.177416e+002	2.189852e+002	2.040916e+002	
4.266793e+002	3.055835e+002	2.873856e+002	
5.568297e+002	4.252371e+002	4.056003e+002	
1.603760e+002	9.493928e+001	8.506508e+001	
2.212027e+002	1.295310e+002	1.157080e+002	
3.009002e+002	1.864529e+002	1.692097e+002	
4.198150e+002	2.867242e+002	2.667484e+002	
5.699318e+002	4.366893e+002	4.167793e+002	
1.823457e+002	1.154993e+002	1.054411e+002	
2.503909e+002	1.581825e+002	1.442719e+002	
3.273743e+002	2.163060e+002	1.996079e+002	
4.453425e+002	3.214575e+002	3.028920e+002	
5.795818e+002	4.566332e+002	4.383008e+002	
