7.294420e+002	6.495532e+002	6.370917e+002	
7.311340e+002	6.456991e+002	6.323732e+002	
7.264695e+002	6.499102e+002	6.379681e+002	
5.518097e+002	4.625982e+002	4.486831e+002	
5.356747e+002	4.413249e+002	4.266084e+002	
5.729584e+002	4.888534e+002	4.757347e+002	
4.308825e+002	3.512554e+002	3.388351e+002	
3.975605e+002	3.131782e+002	3.000162e+002	
4.524682e+002	3.763229e+002	3.644457e+002	
3.442863e+002	2.795362e+002	2.694365e+002	
2.990518e+002	2.298295e+002	2.190323e+002	
3.686317e+002	3.065178e+002	2.968293e+002	
2.884358e+002	2.413519e+002	2.340078e+002	
2.502231e+002	2.010648e+002	1.933972e+002	
3.123771e+002	2.672799e+002	2.602458e+002	
2.281173e+002	1.739831e+002	1.655393e+002	
2.371954e+002	1.835802e+002	1.752174e+002	
2.604028e+002	2.102681e+002	2.024482e+002	
3.045042e+002	2.336736e+002	2.226256e+002	
3.005694e+002	2.280119e+002	2.166945e+002	
3.222430e+002	2.555235e+002	2.451166e+002	
3.894685e+002	3.057520e+002	2.926940e+002	
3.802445e+002	2.932941e+002	2.797317e+002	
3.956086e+002	3.164372e+002	3.040882e+002	
4.999900e+002	4.124792e+002	3.988293e+002	
4.890538e+002	3.971096e+002	3.827684e+002	
4.992605e+002	4.151606e+002	4.020428e+002	
5.958806e+002	5.171944e+002	5.049210e+002	
5.933066e+002	5.116327e+002	4.988932e+002	
5.975657e+002	5.248947e+002	5.135597e+002	
2.504099e+002	1.963300e+002	1.878947e+002	
2.253118e+002	1.706765e+002	1.621546e+002	
2.595652e+002	2.078746e+002	1.998121e+002	
3.270526e+002	2.549854e+002	2.437445e+002	
2.956828e+002	2.208384e+002	2.091643e+002	
3.517169e+002	2.836260e+002	2.730052e+002	
4.222488e+002	3.320752e+002	3.180099e+002	
4.111707e+002	3.189566e+002	3.045734e+002	
4.451080e+002	3.608823e+002	3.477450e+002	
5.678659e+002	4.718067e+002	4.568234e+002	
5.540814e+002	4.538695e+002	4.382387e+002	
5.801031e+002	4.912299e+002	4.773676e+002	
7.155565e+002	6.307941e+002	6.175734e+002	
7.223797e+002	6.340269e+002	6.202455e+002	
7.203514e+002	6.387010e+002	6.259652e+002	
5.890662e+002	5.146862e+002	5.030845e+002	
4.833256e+002	4.005361e+002	3.876228e+002	
3.953384e+002	3.176705e+002	3.055559e+002	
3.236161e+002	2.601576e+002	2.502594e+002	
2.728388e+002	2.268314e+002	2.196552e+002	
5.896065e+002	5.102780e+002	4.979045e+002	
4.856341e+002	3.973405e+002	3.835687e+002	
3.861517e+002	3.069746e+002	2.946246e+002	
3.109149e+002	2.457666e+002	2.356048e+002	
2.512654e+002	2.027538e+002	1.951870e+002	
5.876320e+002	5.163500e+002	5.052316e+002	
4.830391e+002	4.037714e+002	3.914075e+002	
4.018246e+002	3.292496e+002	3.179295e+002	
3.273061e+002	2.668279e+002	2.573946e+002	
2.742216e+002	2.296906e+002	2.227448e+002	
2.503043e+002	1.929000e+002	1.839461e+002	
3.298981e+002	2.535932e+002	2.416912e+002	
4.310501e+002	3.394320e+002	3.251414e+002	
5.867931e+002	4.904597e+002	4.754337e+002	
7.491801e+002	6.632861e+002	6.498885e+002	
2.382060e+002	1.806020e+002	1.716171e+002	
3.115673e+002	2.344588e+002	2.224314e+002	
4.187871e+002	3.243421e+002	3.096106e+002	
5.674254e+002	4.683383e+002	4.528830e+002	
7.369286e+002	6.476404e+002	6.337128e+002	
2.738061e+002	2.201853e+002	2.118216e+002	
3.597097e+002	2.868442e+002	2.754787e+002	
4.581490e+002	3.722001e+002	3.587939e+002	
5.973132e+002	5.059060e+002	4.916485e+002	
7.432098e+002	6.623125e+002	6.496946e+002	
5.833615e+002	5.238333e+002	5.145480e+002	
5.019100e+002	4.329024e+002	4.221386e+002	
4.431845e+002	3.764892e+002	3.660862e+002	
3.947657e+002	3.383411e+002	3.295401e+002	
3.447000e+002	3.025622e+002	2.959895e+002	
5.816509e+002	5.071496e+002	4.955292e+002	
4.900384e+002	4.049855e+002	3.917189e+002	
4.120150e+002	3.311457e+002	3.185318e+002	
3.500716e+002	2.815746e+002	2.708905e+002	
2.983006e+002	2.478725e+002	2.400068e+002	
5.867289e+002	5.163533e+002	5.053763e+002	
4.868858e+002	4.058520e+002	3.932126e+002	
4.159667e+002	3.401120e+002	3.282803e+002	
3.521006e+002	2.872923e+002	2.771836e+002	
2.921810e+002	2.430841e+002	2.354261e+002	
6.753346e+002	6.753346e+002	6.753346e+002	
6.770824e+002	6.770824e+002	6.770824e+002	
6.755654e+002	6.755654e+002	6.755654e+002	
6.753939e+002	6.753939e+002	6.753939e+002	
6.811920e+002	6.811920e+002	6.811920e+002	
6.767767e+002	6.767767e+002	6.767767e+002	
6.750143e+002	6.750143e+002	6.750143e+002	
6.850869e+002	6.850869e+002	6.850869e+002	
6.818445e+002	6.818445e+002	6.818445e+002	
6.777676e+002	6.777676e+002	6.777676e+002	
6.797785e+002	6.797785e+002	6.797785e+002	
6.791424e+002	6.791424e+002	6.791424e+002	
6.818749e+002	6.818749e+002	6.818749e+002	
6.767089e+002	6.767089e+002	6.767089e+002	
6.798906e+002	6.798906e+002	6.798906e+002	
5.864622e+002	5.190096e+002	5.084885e+002	
4.964507e+002	4.184268e+002	4.062567e+002	
4.227458e+002	3.472574e+002	3.354829e+002	
3.662334e+002	3.027047e+002	2.927955e+002	
3.134224e+002	2.659208e+002	2.585116e+002	
5.894909e+002	5.218536e+002	5.113035e+002	
5.017464e+002	4.242473e+002	4.121591e+002	
4.356096e+002	3.612600e+002	3.496631e+002	
3.765668e+002	3.137050e+002	3.038998e+002	
3.266378e+002	2.796419e+002	2.723115e+002	
5.829600e+002	5.298356e+002	5.215490e+002	
5.149293e+002	4.526782e+002	4.429684e+002	
4.577780e+002	3.980384e+002	3.887204e+002	
4.135127e+002	3.629165e+002	3.550245e+002	
3.708518e+002	3.328911e+002	3.269700e+002	
7.166679e+002	6.496764e+002	6.393253e+002	
7.275535e+002	6.453786e+002	6.327505e+002	
7.282042e+002	6.493616e+002	6.372593e+002	
5.804023e+002	5.040728e+002	4.922589e+002	
5.484417e+002	4.565780e+002	4.423647e+002	
5.817427e+002	4.951921e+002	4.818874e+002	
4.762004e+002	4.045239e+002	3.934556e+002	
4.217650e+002	3.360176e+002	3.227942e+002	
4.547059e+002	3.736037e+002	3.611500e+002	
4.226715e+002	3.647002e+002	3.557418e+002	
3.413267e+002	2.705956e+002	2.597021e+002	
3.773652e+002	3.107448e+002	3.005331e+002	
3.693227e+002	3.250032e+002	3.181572e+002	
2.838440e+002	2.326980e+002	2.248036e+002	
3.170156e+002	2.683025e+002	2.608288e+002	
5.920616e+002	5.076163e+002	4.947364e+002	
4.774872e+002	3.849552e+002	3.707854e+002	
3.730706e+002	2.860584e+002	2.727124e+002	
2.923377e+002	2.175006e+002	2.060509e+002	
2.400464e+002	1.839470e+002	1.753548e+002	
5.889431e+002	5.042351e+002	4.911894e+002	
4.691320e+002	3.741696e+002	3.595700e+002	
3.752423e+002	2.861717e+002	2.724673e+002	
2.940939e+002	2.212614e+002	2.100474e+002	
2.348902e+002	1.795075e+002	1.710480e+002	
5.914018e+002	5.131003e+002	5.010721e+002	
4.782745e+002	3.905875e+002	3.771341e+002	
3.850417e+002	3.016427e+002	2.888169e+002	
3.109812e+002	2.422586e+002	2.316960e+002	
2.400508e+002	1.867831e+002	1.786183e+002	
3.714246e+002	3.241597e+002	3.168774e+002	
3.018353e+002	2.487225e+002	2.405244e+002	
3.334721e+002	2.835110e+002	2.758535e+002	
4.233943e+002	3.590589e+002	3.490931e+002	
3.683405e+002	2.955163e+002	2.842672e+002	
4.048980e+002	3.367738e+002	3.262744e+002	
4.881046e+002	4.122868e+002	4.005290e+002	
4.515816e+002	3.661739e+002	3.529682e+002	
4.818840e+002	4.005547e+002	3.880527e+002	
5.955894e+002	5.159900e+002	5.036518e+002	
5.756739e+002	4.844659e+002	4.703652e+002	
5.903011e+002	5.056534e+002	4.926131e+002	
7.104474e+002	6.421718e+002	6.315927e+002	
7.180989e+002	6.408298e+002	6.288641e+002	
7.192423e+002	6.462357e+002	6.349591e+002	
5.628121e+002	5.628121e+002	5.628121e+002	
5.644509e+002	5.644509e+002	5.644509e+002	
5.659925e+002	5.659925e+002	5.659925e+002	
5.547581e+002	5.547581e+002	5.547581e+002	
5.632194e+002	5.632194e+002	5.632194e+002	
5.625220e+002	5.625220e+002	5.625220e+002	
5.535058e+002	5.535058e+002	5.535058e+002	
5.562305e+002	5.562305e+002	5.562305e+002	
5.628674e+002	5.628674e+002	5.628674e+002	
5.553255e+002	5.553255e+002	5.553255e+002	
5.678821e+002	5.678821e+002	5.678821e+002	
5.571535e+002	5.571535e+002	5.571535e+002	
5.609355e+002	5.609355e+002	5.609355e+002	
5.658649e+002	5.658649e+002	5.658649e+002	
5.612426e+002	5.612426e+002	5.612426e+002	
2.865233e+002	2.371198e+002	2.294138e+002	
3.568351e+002	2.887925e+002	2.781794e+002	
4.557316e+002	3.732337e+002	3.603659e+002	
5.924485e+002	5.043323e+002	4.905884e+002	
7.429607e+002	6.643149e+002	6.520475e+002	
2.606638e+002	2.091006e+002	2.010579e+002	
3.286471e+002	2.576204e+002	2.465416e+002	
4.233860e+002	3.366234e+002	3.230902e+002	
5.752839e+002	4.824057e+002	4.679190e+002	
7.393290e+002	6.563741e+002	6.434346e+002	
3.295882e+002	2.829262e+002	2.756480e+002	
3.866190e+002	3.216288e+002	3.114916e+002	
4.774170e+002	3.991167e+002	3.869035e+002	
6.029993e+002	5.197018e+002	5.067094e+002	
7.377450e+002	6.624865e+002	6.507477e+002	
5.907383e+002	5.156329e+002	5.039182e+002	
4.736242e+002	3.876081e+002	3.741914e+002	
3.808351e+002	3.021547e+002	2.898821e+002	
3.177288e+002	2.546066e+002	2.447609e+002	
2.630457e+002	2.156736e+002	2.082846e+002	
5.797025e+002	4.991955e+002	4.866381e+002	
4.740175e+002	3.858887e+002	3.721424e+002	
3.835357e+002	3.011374e+002	2.882851e+002	
3.138634e+002	2.468280e+002	2.363720e+002	
2.507874e+002	2.026192e+002	1.951061e+002	
5.805062e+002	5.085587e+002	4.973364e+002	
4.822100e+002	4.045516e+002	3.924386e+002	
3.968512e+002	3.242338e+002	3.129071e+002	
3.280834e+002	2.678760e+002	2.584849e+002	
2.767390e+002	2.320454e+002	2.250742e+002	
2.449441e+002	1.913871e+002	1.830916e+002	
2.146682e+002	1.588851e+002	1.501891e+002	
2.833496e+002	2.327763e+002	2.248899e+002	
3.237706e+002	2.506782e+002	2.393506e+002	
3.013871e+002	2.257074e+002	2.139104e+002	
3.527945e+002	2.826020e+002	2.716555e+002	
4.249835e+002	3.356346e+002	3.217718e+002	
4.091387e+002	3.177023e+002	3.034433e+002	
4.545237e+002	3.721376e+002	3.592914e+002	
5.656704e+002	4.680020e+002	4.528463e+002	
5.522333e+002	4.519230e+002	4.362853e+002	
5.830817e+002	4.934361e+002	4.794564e+002	
7.240818e+002	6.389650e+002	6.257646e+002	
7.188668e+002	6.282938e+002	6.141702e+002	
7.195865e+002	6.388401e+002	6.262493e+002	
5.959855e+002	5.111504e+002	4.986125e+002	
4.806481e+002	3.879551e+002	3.741260e+002	
3.901768e+002	3.051861e+002	2.924776e+002	
3.105201e+002	2.406393e+002	2.301886e+002	
2.519931e+002	1.997321e+002	1.918879e+002	
5.928687e+002	5.059417e+002	4.928318e+002	
4.802960e+002	3.858041e+002	3.716476e+002	
3.769041e+002	2.896224e+002	2.765998e+002	
2.978594e+002	2.264814e+002	2.158318e+002	
2.334814e+002	1.806446e+002	1.727225e+002	
5.866355e+002	5.074153e+002	4.954456e+002	
4.832705e+002	3.964518e+002	3.833667e+002	
3.846213e+002	3.038599e+002	2.917299e+002	
3.068651e+002	2.415752e+002	2.317727e+002	
2.528071e+002	2.044720e+002	1.971874e+002	
7.162446e+002	6.474971e+002	6.367740e+002	
7.191254e+002	6.419549e+002	6.299178e+002	
7.266215e+002	6.544883e+002	6.432374e+002	
5.796016e+002	5.040411e+002	4.922555e+002	
5.409629e+002	4.534334e+002	4.397808e+002	
5.840300e+002	5.037124e+002	4.911846e+002	
4.856409e+002	4.144415e+002	4.033360e+002	
4.333022e+002	3.524873e+002	3.398818e+002	
4.866374e+002	4.136483e+002	4.022634e+002	
4.191357e+002	3.605134e+002	3.513695e+002	
3.501785e+002	2.833896e+002	2.729720e+002	
4.029396e+002	3.415898e+002	3.320204e+002	
3.716461e+002	3.290003e+002	3.223485e+002	
3.132607e+002	2.645622e+002	2.569662e+002	
3.566549e+002	3.117412e+002	3.047357e+002	
2.385102e+002	1.785144e+002	1.694955e+002	
2.409145e+002	1.819505e+002	1.730701e+002	
2.623320e+002	2.065400e+002	1.980866e+002	
3.176045e+002	2.393230e+002	2.275712e+002	
3.149832e+002	2.356498e+002	2.237048e+002	
3.324685e+002	2.590375e+002	2.479104e+002	
4.010217e+002	3.099428e+002	2.962330e+002	
4.013719e+002	3.083786e+002	2.943284e+002	
4.073012e+002	3.202416e+002	3.070210e+002	
4.972668e+002	4.032874e+002	3.890553e+002	
4.994655e+002	4.029299e+002	3.882948e+002	
5.098977e+002	4.222897e+002	4.089416e+002	
6.079864e+002	5.261813e+002	5.137852e+002	
6.065844e+002	5.222488e+002	5.094130e+002	
6.022197e+002	5.231638e+002	5.111248e+002	
3.661407e+002	3.186461e+002	3.113892e+002	
2.877098e+002	2.318190e+002	2.233187e+002	
2.981906e+002	2.431739e+002	2.347980e+002	
4.227301e+002	3.591792e+002	3.494867e+002	
3.529913e+002	2.767362e+002	2.651310e+002	
3.783724e+002	3.060290e+002	2.950203e+002	
4.867892e+002	4.095326e+002	3.977281e+002	
4.445931e+002	3.541067e+002	3.403066e+002	
4.682611e+002	3.818881e+002	3.687091e+002	
5.942762e+002	5.140724e+002	5.018273e+002	
5.722813e+002	4.759115e+002	4.611955e+002	
5.902268e+002	5.016931e+002	4.881581e+002	
7.150565e+002	6.466719e+002	6.362422e+002	
7.184476e+002	6.348722e+002	6.220852e+002	
7.197840e+002	6.406864e+002	6.286033e+002	
5.666258e+002	5.666258e+002	5.666258e+002	
5.670577e+002	5.670577e+002	5.670577e+002	
5.568995e+002	5.568995e+002	5.568995e+002	
5.598877e+002	5.598877e+002	5.598877e+002	
5.537951e+002	5.537951e+002	5.537951e+002	
5.606837e+002	5.606837e+002	5.606837e+002	
5.568864e+002	5.568864e+002	5.568864e+002	
5.535027e+002	5.535027e+002	5.535027e+002	
5.655317e+002	5.655317e+002	5.655317e+002	
5.594125e+002	5.594125e+002	5.594125e+002	
5.610726e+002	5.610726e+002	5.610726e+002	
5.561066e+002	5.561066e+002	5.561066e+002	
5.627808e+002	5.627808e+002	5.627808e+002	
5.576993e+002	5.576993e+002	5.576993e+002	
5.624748e+002	5.624748e+002	5.624748e+002	
2.569120e+002	2.035134e+002	1.954097e+002	
3.232821e+002	2.489408e+002	2.376544e+002	
4.429682e+002	3.545300e+002	3.411271e+002	
5.829820e+002	4.859701e+002	4.712587e+002	
7.497435e+002	6.636157e+002	6.505862e+002	
2.304839e+002	1.748861e+002	1.664324e+002	
3.059135e+002	2.307084e+002	2.192879e+002	
4.187909e+002	3.258526e+002	3.117553e+002	
5.659556e+002	4.644712e+002	4.491127e+002	
7.506063e+002	6.610855e+002	6.475232e+002	
2.885683e+002	2.380441e+002	2.303351e+002	
3.632576e+002	2.942327e+002	2.837012e+002	
4.573508e+002	3.726647e+002	3.597977e+002	
5.939136e+002	5.012438e+002	4.871833e+002	
7.416830e+002	6.605345e+002	6.482133e+002	
5.910611e+002	5.149651e+002	5.030961e+002	
4.837587e+002	4.001893e+002	3.871541e+002	
3.895522e+002	3.104722e+002	2.981374e+002	
3.131663e+002	2.495483e+002	2.396253e+002	
2.599982e+002	2.115193e+002	2.039576e+002	
5.891503e+002	5.093551e+002	4.969086e+002	
4.775107e+002	3.903267e+002	3.767276e+002	
3.770021e+002	2.947415e+002	2.819107e+002	
3.034758e+002	2.361308e+002	2.256265e+002	
2.418352e+002	1.919603e+002	1.841809e+002	
5.867955e+002	5.174861e+002	5.066754e+002	
4.788301e+002	3.994598e+002	3.870796e+002	
3.946303e+002	3.212273e+002	3.097779e+002	
3.265443e+002	2.665447e+002	2.571861e+002	
2.767810e+002	2.330771e+002	2.262603e+002	
2.900219e+002	2.396461e+002	2.318772e+002	
3.475438e+002	2.767143e+002	2.657803e+002	
4.483638e+002	3.632781e+002	3.501181e+002	
5.723823e+002	4.802514e+002	4.659916e+002	
7.181913e+002	6.348870e+002	6.219665e+002	
2.607751e+002	2.071577e+002	1.989166e+002	
3.229822e+002	2.486505e+002	2.371903e+002	
4.194838e+002	3.284455e+002	3.143934e+002	
5.559133e+002	4.570102e+002	4.417151e+002	
7.149791e+002	6.274009e+002	6.138741e+002	
3.156108e+002	2.653878e+002	2.576865e+002	
3.792362e+002	3.121531e+002	3.018508e+002	
4.611643e+002	3.789156e+002	3.662861e+002	
5.858947e+002	4.985244e+002	4.850973e+002	
7.163625e+002	6.404825e+002	6.287896e+002	
5.871865e+002	5.057865e+002	4.932848e+002	
5.902751e+002	5.059232e+002	4.929700e+002	
5.919568e+002	5.164578e+002	5.048776e+002	
4.774711e+002	3.887669e+002	3.751314e+002	
4.757146e+002	3.840603e+002	3.699582e+002	
4.876564e+002	4.039209e+002	3.911155e+002	
3.783457e+002	2.951013e+002	2.823259e+002	
3.718755e+002	2.870426e+002	2.739975e+002	
3.821602e+002	3.044209e+002	2.925370e+002	
3.039925e+002	2.360695e+002	2.256681e+002	
2.971194e+002	2.279019e+002	2.172965e+002	
3.118159e+002	2.485065e+002	2.388390e+002	
2.492489e+002	1.987733e+002	1.910451e+002	
2.356266e+002	1.843132e+002	1.764692e+002	
2.524262e+002	2.036777e+002	1.962650e+002	
2.549316e+002	2.005914e+002	1.923628e+002	
3.318667e+002	2.565888e+002	2.452424e+002	
4.361541e+002	3.439591e+002	3.300714e+002	
5.920960e+002	4.969401e+002	4.825643e+002	
7.450820e+002	6.569468e+002	6.436550e+002	
2.250593e+002	1.683269e+002	1.597937e+002	
3.098316e+002	2.331186e+002	2.215575e+002	
4.124473e+002	3.186549e+002	3.045197e+002	
5.674014e+002	4.651602e+002	4.497749e+002	
7.478392e+002	6.593340e+002	6.460284e+002	
2.881708e+002	2.368499e+002	2.291236e+002	
3.541286e+002	2.827117e+002	2.719962e+002	
4.615024e+002	3.758799e+002	3.629973e+002	
5.966283e+002	5.030515e+002	4.890068e+002	
7.363471e+002	6.522563e+002	6.395818e+002	
5.885385e+002	5.069432e+002	4.944753e+002	
4.772917e+002	3.857321e+002	3.718154e+002	
3.840710e+002	2.998629e+002	2.870635e+002	
3.006848e+002	2.298493e+002	2.190827e+002	
2.365759e+002	1.832955e+002	1.751770e+002	
5.904432e+002	5.056082e+002	4.927155e+002	
4.696255e+002	3.741633e+002	3.597082e+002	
3.744830e+002	2.871936e+002	2.740006e+002	
2.953699e+002	2.242488e+002	2.134874e+002	
2.126027e+002	1.571007e+002	1.486942e+002	
5.893577e+002	5.107945e+002	4.988790e+002	
4.818431e+002	3.936911e+002	3.803727e+002	
3.858836e+002	3.057352e+002	2.936845e+002	
3.143388e+002	2.485962e+002	2.386945e+002	
2.429818e+002	1.932560e+002	1.857328e+002	
2.839255e+002	2.316038e+002	2.236284e+002	
3.522669e+002	2.794563e+002	2.683795e+002	
4.487471e+002	3.609952e+002	3.476654e+002	
5.784313e+002	4.830535e+002	4.685764e+002	
7.184418e+002	6.333281e+002	6.203961e+002	
2.643985e+002	2.101651e+002	2.018940e+002	
3.253751e+002	2.502264e+002	2.388007e+002	
4.208758e+002	3.278180e+002	3.136572e+002	
5.630715e+002	4.632487e+002	4.480590e+002	
7.185018e+002	6.310815e+002	6.177855e+002	
3.286453e+002	2.802222e+002	2.728448e+002	
3.861804e+002	3.180532e+002	3.076452e+002	
4.572911e+002	3.731917e+002	3.603594e+002	
5.899549e+002	5.025824e+002	4.892330e+002	
7.184930e+002	6.391052e+002	6.269775e+002	
5.877485e+002	5.101978e+002	4.984095e+002	
5.900633e+002	5.075359e+002	4.950470e+002	
5.869667e+002	5.127728e+002	5.015574e+002	
4.924172e+002	4.068538e+002	3.938543e+002	
4.866721e+002	3.951627e+002	3.813625e+002	
4.852325e+002	4.011752e+002	3.885128e+002	
3.984625e+002	3.180598e+002	3.059186e+002	
3.893282e+002	3.040634e+002	2.912292e+002	
4.074048e+002	3.325443e+002	3.213320e+002	
3.248759e+002	2.579061e+002	2.477904e+002	
3.158870e+002	2.472022e+002	2.369259e+002	
3.278805e+002	2.644126e+002	2.549075e+002	
2.678560e+002	2.190701e+002	2.116906e+002	
2.515502e+002	1.990339e+002	1.911174e+002	
2.883175e+002	2.433099e+002	2.365480e+002	
7.349855e+002	6.441389e+002	6.303624e+002	
7.288721e+002	6.364609e+002	6.223779e+002	
7.351835e+002	6.503588e+002	6.373964e+002	
5.533525e+002	4.531894e+002	4.379821e+002	
5.327761e+002	4.300595e+002	4.144300e+002	
5.764744e+002	4.830017e+002	4.687125e+002	
4.192442e+002	3.277707e+002	3.139268e+002	
3.954856e+002	3.012878e+002	2.869506e+002	
4.394406e+002	3.523752e+002	3.390706e+002	
3.160180e+002	2.401397e+002	2.286422e+002	
2.938101e+002	2.160515e+002	2.042059e+002	
3.501918e+002	2.793560e+002	2.685120e+002	
2.386366e+002	1.817020e+002	1.730584e+002	
2.222424e+002	1.640552e+002	1.551782e+002	
2.796628e+002	2.263033e+002	2.181258e+002	
5.848725e+002	5.239478e+002	5.144445e+002	
4.971387e+002	4.254723e+002	4.142938e+002	
4.448321e+002	3.771592e+002	3.666036e+002	
3.966699e+002	3.395732e+002	3.306672e+002	
3.446516e+002	3.007495e+002	2.939016e+002	
5.867539e+002	5.156441e+002	5.045526e+002	
4.909086e+002	4.071819e+002	3.941224e+002	
4.220918e+002	3.442147e+002	3.320676e+002	
3.586037e+002	2.927476e+002	2.824754e+002	
3.163885e+002	2.680194e+002	2.604749e+002	
5.842205e+002	5.172462e+002	5.067997e+002	
5.029920e+002	4.266897e+002	4.147881e+002	
4.176534e+002	3.440965e+002	3.326232e+002	
3.699373e+002	3.093043e+002	2.998469e+002	
3.144962e+002	2.680694e+002	2.608279e+002	
6.773553e+002	6.773553e+002	6.773553e+002	
6.829827e+002	6.829827e+002	6.829827e+002	
6.833846e+002	6.833846e+002	6.833846e+002	
6.790187e+002	6.790187e+002	6.790187e+002	
6.774022e+002	6.774022e+002	6.774022e+002	
6.772298e+002	6.772298e+002	6.772298e+002	
6.754554e+002	6.754554e+002	6.754554e+002	
6.745268e+002	6.745268e+002	6.745268e+002	
6.763798e+002	6.763798e+002	6.763798e+002	
6.844077e+002	6.844077e+002	6.844077e+002	
6.769390e+002	6.769390e+002	6.769390e+002	
6.802422e+002	6.802422e+002	6.802422e+002	
6.830018e+002	6.830018e+002	6.830018e+002	
6.778117e+002	6.778117e+002	6.778117e+002	
6.803228e+002	6.803228e+002	6.803228e+002	
5.853455e+002	5.230826e+002	5.136915e+002	
5.931315e+002	5.161194e+002	5.045445e+002	
5.958649e+002	5.211179e+002	5.098828e+002	
5.113622e+002	4.373959e+002	4.262842e+002	
4.967557e+002	4.058325e+002	3.922146e+002	
5.018559e+002	4.175351e+002	4.049069e+002	
4.478138e+002	3.766390e+002	3.660057e+002	
4.184288e+002	3.331534e+002	3.204582e+002	
4.213297e+002	3.393382e+002	3.271350e+002	
3.972082e+002	3.377669e+002	3.288996e+002	
3.591286e+002	2.864583e+002	2.756663e+002	
3.684284e+002	3.002179e+002	2.900807e+002	
3.499348e+002	3.046847e+002	2.979386e+002	
3.025410e+002	2.486353e+002	2.406158e+002	
2.974444e+002	2.448548e+002	2.370195e+002	
7.051039e+002	7.051039e+002	7.051039e+002	
7.033810e+002	7.033810e+002	7.033810e+002	
7.065408e+002	7.065408e+002	7.065408e+002	
7.031168e+002	7.031168e+002	7.031168e+002	
7.067719e+002	7.067719e+002	7.067719e+002	
7.071982e+002	7.071982e+002	7.071982e+002	
7.037039e+002	7.037039e+002	7.037039e+002	
7.061560e+002	7.061560e+002	7.061560e+002	
7.109365e+002	7.109365e+002	7.109365e+002	
7.061424e+002	7.061424e+002	7.061424e+002	
7.069106e+002	7.069106e+002	7.069106e+002	
7.037418e+002	7.037418e+002	7.037418e+002	
6.992141e+002	6.992141e+002	6.992141e+002	
7.072195e+002	7.072195e+002	7.072195e+002	
7.047776e+002	7.047776e+002	7.047776e+002	
3.208971e+002	2.709351e+002	2.631420e+002	
3.395051e+002	2.904935e+002	2.828487e+002	
3.742861e+002	3.337429e+002	3.274189e+002	
3.777598e+002	3.109482e+002	3.005269e+002	
3.912381e+002	3.246424e+002	3.142549e+002	
4.194908e+002	3.654364e+002	3.570050e+002	
4.334762e+002	3.552211e+002	3.430149e+002	
4.345858e+002	3.574130e+002	3.453756e+002	
4.742881e+002	4.131065e+002	4.035636e+002	
5.090362e+002	4.298948e+002	4.175505e+002	
5.178885e+002	4.396592e+002	4.274570e+002	
5.201497e+002	4.576336e+002	4.478827e+002	
5.902230e+002	5.220050e+002	5.113644e+002	
5.893950e+002	5.220953e+002	5.115981e+002	
5.880461e+002	5.363886e+002	5.283311e+002	
2.528032e+002	1.908979e+002	1.816843e+002	
3.265185e+002	2.437146e+002	2.312626e+002	
4.299846e+002	3.304146e+002	3.154330e+002	
5.782304e+002	4.741738e+002	4.585070e+002	
7.269966e+002	6.344059e+002	6.204091e+002	
2.295090e+002	1.666259e+002	1.571758e+002	
3.151844e+002	2.320762e+002	2.195789e+002	
4.062624e+002	3.042381e+002	2.888577e+002	
5.626830e+002	4.556508e+002	4.395146e+002	
7.234211e+002	6.291988e+002	6.149362e+002	
2.751418e+002	2.154457e+002	2.064729e+002	
3.571492e+002	2.788244e+002	2.670641e+002	
4.506748e+002	3.564711e+002	3.422966e+002	
5.890265e+002	4.900054e+002	4.750780e+002	
7.258094e+002	6.394510e+002	6.264573e+002	
5.950923e+002	5.194879e+002	5.078821e+002	
5.790535e+002	5.114890e+002	5.010191e+002	
5.790823e+002	5.263801e+002	5.182066e+002	
4.942095e+002	4.074807e+002	3.941896e+002	
5.000450e+002	4.207755e+002	4.085140e+002	
5.129565e+002	4.505992e+002	4.409421e+002	
4.174177e+002	3.355322e+002	3.229576e+002	
4.309795e+002	3.552372e+002	3.435242e+002	
4.571375e+002	3.975733e+002	3.883632e+002	
3.539020e+002	2.842463e+002	2.735713e+002	
3.794010e+002	3.157020e+002	3.058570e+002	
4.122433e+002	3.616061e+002	3.537741e+002	
3.007085e+002	2.481919e+002	2.401292e+002	
3.309546e+002	2.825023e+002	2.750240e+002	
3.710718e+002	3.336907e+002	3.278921e+002	
7.294195e+002	6.602978e+002	6.498001e+002	
7.278491e+002	6.420150e+002	6.289773e+002	
7.306880e+002	6.483612e+002	6.358954e+002	
5.808333e+002	4.996733e+002	4.873688e+002	
5.533968e+002	4.582496e+002	4.438510e+002	
5.776442e+002	4.851605e+002	4.711572e+002	
4.870896e+002	4.111271e+002	3.995894e+002	
4.327138e+002	3.440992e+002	3.306833e+002	
4.594747e+002	3.732956e+002	3.602615e+002	
4.228335e+002	3.604458e+002	3.509840e+002	
3.442378e+002	2.695343e+002	2.582663e+002	
3.774680e+002	3.061414e+002	2.953720e+002	
3.707274e+002	3.247585e+002	3.177693e+002	
2.900608e+002	2.348254e+002	2.264648e+002	
3.139865e+002	2.592715e+002	2.509989e+002	
3.611038e+002	3.131506e+002	3.060041e+002	
3.083121e+002	2.502894e+002	2.416406e+002	
3.055629e+002	2.487757e+002	2.402399e+002	
4.020731e+002	3.372330e+002	3.275542e+002	
3.700946e+002	2.927102e+002	2.811451e+002	
3.679371e+002	2.921594e+002	2.808220e+002	
4.580952e+002	3.848146e+002	3.738560e+002	
4.285702e+002	3.401990e+002	3.269366e+002	
4.337151e+002	3.482625e+002	3.354357e+002	
5.250137e+002	4.499536e+002	4.387417e+002	
5.101763e+002	4.202081e+002	4.067021e+002	
5.127314e+002	4.279873e+002	4.152561e+002	
5.928353e+002	5.305958e+002	5.212239e+002	
6.042574e+002	5.282559e+002	5.168501e+002	
6.008777e+002	5.263056e+002	5.150715e+002	
6.807579e+002	6.807579e+002	6.807579e+002	
6.835971e+002	6.835971e+002	6.835971e+002	
6.889050e+002	6.889050e+002	6.889050e+002	
6.804960e+002	6.804960e+002	6.804960e+002	
6.832708e+002	6.832708e+002	6.832708e+002	
6.766013e+002	6.766013e+002	6.766013e+002	
6.815407e+002	6.815407e+002	6.815407e+002	
6.841839e+002	6.841839e+002	6.841839e+002	
6.781226e+002	6.781226e+002	6.781226e+002	
6.795137e+002	6.795137e+002	6.795137e+002	
6.833922e+002	6.833922e+002	6.833922e+002	
6.799799e+002	6.799799e+002	6.799799e+002	
6.834325e+002	6.834325e+002	6.834325e+002	
6.791650e+002	6.791650e+002	6.791650e+002	
6.747177e+002	6.747177e+002	6.747177e+002	
5.583477e+002	5.583477e+002	5.583477e+002	
5.586499e+002	5.586499e+002	5.586499e+002	
5.641325e+002	5.641325e+002	5.641325e+002	
5.581893e+002	5.581893e+002	5.581893e+002	
5.553732e+002	5.553732e+002	5.553732e+002	
5.593679e+002	5.593679e+002	5.593679e+002	
5.652450e+002	5.652450e+002	5.652450e+002	
5.631956e+002	5.631956e+002	5.631956e+002	
5.596052e+002	5.596052e+002	5.596052e+002	
5.573952e+002	5.573952e+002	5.573952e+002	
5.606922e+002	5.606922e+002	5.606922e+002	
5.583171e+002	5.583171e+002	5.583171e+002	
5.560098e+002	5.560098e+002	5.560098e+002	
5.526588e+002	5.526588e+002	5.526588e+002	
5.588437e+002	5.588437e+002	5.588437e+002	
7.041849e+002	7.041849e+002	7.041849e+002	
7.080899e+002	7.080899e+002	7.080899e+002	
6.959255e+002	6.959255e+002	6.959255e+002	
7.003467e+002	7.003467e+002	7.003467e+002	
7.011221e+002	7.011221e+002	7.011221e+002	
7.062164e+002	7.062164e+002	7.062164e+002	
7.022120e+002	7.022120e+002	7.022120e+002	
7.045383e+002	7.045383e+002	7.045383e+002	
7.103054e+002	7.103054e+002	7.103054e+002	
7.077011e+002	7.077011e+002	7.077011e+002	
7.008486e+002	7.008486e+002	7.008486e+002	
7.042742e+002	7.042742e+002	7.042742e+002	
7.089136e+002	7.089136e+002	7.089136e+002	
7.111643e+002	7.111643e+002	7.111643e+002	
7.006006e+002	7.006006e+002	7.006006e+002	
3.037041e+002	2.475021e+002	2.389841e+002	
3.379492e+002	2.869722e+002	2.792819e+002	
3.781982e+002	3.358806e+002	3.295064e+002	
3.620230e+002	2.869951e+002	2.756567e+002	
3.807840e+002	3.117021e+002	3.012575e+002	
4.194474e+002	3.633919e+002	3.549301e+002	
4.346265e+002	3.482625e+002	3.351683e+002	
4.433631e+002	3.622471e+002	3.499890e+002	
4.713208e+002	4.075294e+002	3.978900e+002	
5.100207e+002	4.215182e+002	4.080412e+002	
5.168966e+002	4.348359e+002	4.223995e+002	
5.266841e+002	4.623488e+002	4.526186e+002	
5.985638e+002	5.228126e+002	5.112667e+002	
6.019990e+002	5.333131e+002	5.228856e+002	
5.914069e+002	5.368574e+002	5.285844e+002	
2.540049e+002	1.920500e+002	1.827641e+002	
2.290153e+002	1.666542e+002	1.572309e+002	
2.678634e+002	2.088002e+002	1.999262e+002	
3.364814e+002	2.539447e+002	2.415477e+002	
3.040439e+002	2.185088e+002	2.056468e+002	
3.564983e+002	2.781456e+002	2.664306e+002	
4.362680e+002	3.371400e+002	3.222473e+002	
4.164913e+002	3.140120e+002	2.985706e+002	
4.547898e+002	3.619015e+002	3.479297e+002	
5.721649e+002	4.667437e+002	4.508323e+002	
5.653617e+002	4.578833e+002	4.416522e+002	
5.838984e+002	4.852530e+002	4.703728e+002	
7.362077e+002	6.455781e+002	6.319080e+002	
7.245091e+002	6.293688e+002	6.149867e+002	
7.261983e+002	6.395261e+002	6.264050e+002	
5.884839e+002	5.188027e+002	5.080695e+002	
5.811926e+002	5.115197e+002	5.007419e+002	
5.783849e+002	5.239600e+002	5.155309e+002	
5.003138e+002	4.204733e+002	4.081835e+002	
5.012268e+002	4.209975e+002	4.085641e+002	
5.070533e+002	4.442312e+002	4.345073e+002	
4.296015e+002	3.532280e+002	3.414482e+002	
4.392035e+002	3.641845e+002	3.526066e+002	
4.573598e+002	3.963675e+002	3.869122e+002	
3.788037e+002	3.148038e+002	3.049774e+002	
3.922067e+002	3.284502e+002	3.186069e+002	
4.117311e+002	3.598953e+002	3.518793e+002	
3.292075e+002	2.813543e+002	2.740007e+002	
3.414566e+002	2.933344e+002	2.859054e+002	
3.794665e+002	3.411854e+002	3.352573e+002	
7.006458e+002	7.006458e+002	7.006458e+002	
7.037340e+002	7.037340e+002	7.037340e+002	
7.078546e+002	7.078546e+002	7.078546e+002	
7.069607e+002	7.069607e+002	7.069607e+002	
7.106307e+002	7.106307e+002	7.106307e+002	
7.092664e+002	7.092664e+002	7.092664e+002	
7.081210e+002	7.081210e+002	7.081210e+002	
7.043464e+002	7.043464e+002	7.043464e+002	
6.960203e+002	6.960203e+002	6.960203e+002	
7.040630e+002	7.040630e+002	7.040630e+002	
7.012385e+002	7.012385e+002	7.012385e+002	
7.084614e+002	7.084614e+002	7.084614e+002	
7.032147e+002	7.032147e+002	7.032147e+002	
7.079896e+002	7.079896e+002	7.079896e+002	
6.982443e+002	6.982443e+002	6.982443e+002	
2.994086e+002	2.405116e+002	2.315902e+002	
3.393518e+002	2.866982e+002	2.787417e+002	
3.796236e+002	3.358696e+002	3.292585e+002	
3.601906e+002	2.821722e+002	2.703866e+002	
3.940887e+002	3.238501e+002	3.132334e+002	
4.180000e+002	3.601511e+002	3.514245e+002	
4.318020e+002	3.435147e+002	3.301499e+002	
4.403838e+002	3.585688e+002	3.461922e+002	
4.750454e+002	4.114337e+002	4.018316e+002	
5.111288e+002	4.207455e+002	4.070341e+002	
5.169424e+002	4.345988e+002	4.221093e+002	
5.246398e+002	4.585184e+002	4.484910e+002	
6.070616e+002	5.309529e+002	5.194286e+002	
5.977246e+002	5.278097e+002	5.172085e+002	
5.907845e+002	5.352001e+002	5.267860e+002	
3.704275e+002	3.201194e+002	3.125696e+002	
2.877274e+002	2.275276e+002	2.184928e+002	
3.038376e+002	2.443759e+002	2.354846e+002	
4.286718e+002	3.606377e+002	3.504184e+002	
3.661026e+002	2.854197e+002	2.733681e+002	
3.771040e+002	2.981540e+002	2.863561e+002	
4.926734e+002	4.132798e+002	4.013806e+002	
4.524850e+002	3.572143e+002	3.429364e+002	
4.707084e+002	3.775088e+002	3.635678e+002	
5.928575e+002	5.086616e+002	4.959619e+002	
5.725969e+002	4.734059e+002	4.585228e+002	
5.930280e+002	4.965355e+002	4.820392e+002	
7.111844e+002	6.393407e+002	6.285358e+002	
7.261887e+002	6.421863e+002	6.295212e+002	
7.236237e+002	6.393325e+002	6.266329e+002	
5.640898e+002	5.640898e+002	5.640898e+002	
5.647799e+002	5.647799e+002	5.647799e+002	
5.527834e+002	5.527834e+002	5.527834e+002	
5.638957e+002	5.638957e+002	5.638957e+002	
5.610668e+002	5.610668e+002	5.610668e+002	
5.645946e+002	5.645946e+002	5.645946e+002	
5.625600e+002	5.625600e+002	5.625600e+002	
5.589141e+002	5.589141e+002	5.589141e+002	
5.566326e+002	5.566326e+002	5.566326e+002	
5.598795e+002	5.598795e+002	5.598795e+002	
5.632058e+002	5.632058e+002	5.632058e+002	
5.605359e+002	5.605359e+002	5.605359e+002	
5.583503e+002	5.583503e+002	5.583503e+002	
5.581009e+002	5.581009e+002	5.581009e+002	
5.650308e+002	5.650308e+002	5.650308e+002	
7.027697e+002	7.027697e+002	7.027697e+002	
7.103464e+002	7.103464e+002	7.103464e+002	
7.049551e+002	7.049551e+002	7.049551e+002	
7.073715e+002	7.073715e+002	7.073715e+002	
7.030535e+002	7.030535e+002	7.030535e+002	
7.054093e+002	7.054093e+002	7.054093e+002	
7.006074e+002	7.006074e+002	7.006074e+002	
7.041707e+002	7.041707e+002	7.041707e+002	
7.059075e+002	7.059075e+002	7.059075e+002	
7.060252e+002	7.060252e+002	7.060252e+002	
7.078237e+002	7.078237e+002	7.078237e+002	
7.116122e+002	7.116122e+002	7.116122e+002	
7.059276e+002	7.059276e+002	7.059276e+002	
7.033715e+002	7.033715e+002	7.033715e+002	
7.141500e+002	7.141500e+002	7.141500e+002	
5.577194e+002	5.577194e+002	5.577194e+002	
5.564555e+002	5.564555e+002	5.564555e+002	
5.626721e+002	5.626721e+002	5.626721e+002	
5.601977e+002	5.601977e+002	5.601977e+002	
5.650331e+002	5.650331e+002	5.650331e+002	
5.569000e+002	5.569000e+002	5.569000e+002	
5.616299e+002	5.616299e+002	5.616299e+002	
5.599667e+002	5.599667e+002	5.599667e+002	
5.606497e+002	5.606497e+002	5.606497e+002	
5.614972e+002	5.614972e+002	5.614972e+002	
5.625667e+002	5.625667e+002	5.625667e+002	
5.598249e+002	5.598249e+002	5.598249e+002	
5.647150e+002	5.647150e+002	5.647150e+002	
5.576584e+002	5.576584e+002	5.576584e+002	
5.594897e+002	5.594897e+002	5.594897e+002	
3.677318e+002	3.193387e+002	3.119200e+002	
4.273236e+002	3.637701e+002	3.539489e+002	
4.894596e+002	4.142058e+002	4.025920e+002	
5.926474e+002	5.126949e+002	5.003572e+002	
7.117742e+002	6.428078e+002	6.321514e+002	
2.858758e+002	2.274007e+002	2.184290e+002	
3.568988e+002	2.792814e+002	2.673328e+002	
4.435361e+002	3.522071e+002	3.381322e+002	
5.674969e+002	4.715867e+002	4.567948e+002	
7.207070e+002	6.376835e+002	6.249003e+002	
3.085953e+002	2.517834e+002	2.431132e+002	
3.765701e+002	3.003502e+002	2.886962e+002	
4.650768e+002	3.761488e+002	3.625418e+002	
5.903193e+002	4.979333e+002	4.837552e+002	
7.178515e+002	6.381048e+002	6.258961e+002	
5.944243e+002	5.125287e+002	5.004749e+002	
5.888608e+002	5.157731e+002	5.048644e+002	
5.852869e+002	5.282837e+002	5.198032e+002	
4.976335e+002	4.071838e+002	3.937687e+002	
5.003620e+002	4.163019e+002	4.038007e+002	
5.142124e+002	4.476912e+002	4.377952e+002	
4.224271e+002	3.342563e+002	3.211808e+002	
4.423558e+002	3.614611e+002	3.494169e+002	
4.607481e+002	3.962288e+002	3.866652e+002	
3.614435e+002	2.865361e+002	2.753505e+002	
3.909363e+002	3.233397e+002	3.132549e+002	
4.166197e+002	3.617310e+002	3.535707e+002	
3.017015e+002	2.449836e+002	2.365334e+002	
3.311682e+002	2.783273e+002	2.704473e+002	
3.831361e+002	3.422183e+002	3.361297e+002	
7.321318e+002	6.532955e+002	6.413804e+002	
7.298445e+002	6.525780e+002	6.408629e+002	
7.269522e+002	6.661637e+002	6.569273e+002	
5.740191e+002	4.859997e+002	4.727076e+002	
5.627488e+002	4.742056e+002	4.607764e+002	
6.005075e+002	5.308254e+002	5.202715e+002	
4.583438e+002	3.765058e+002	3.641675e+002	
4.529430e+002	3.720444e+002	3.598326e+002	
5.155076e+002	4.502891e+002	4.403872e+002	
3.833750e+002	3.160547e+002	3.059481e+002	
3.767129e+002	3.089347e+002	2.987097e+002	
4.626328e+002	4.088721e+002	4.007297e+002	
3.219155e+002	2.712874e+002	2.636540e+002	
3.268658e+002	2.766804e+002	2.690741e+002	
4.174903e+002	3.771656e+002	3.710507e+002	
5.588740e+002	5.588740e+002	5.588740e+002	
5.510057e+002	5.510057e+002	5.510057e+002	
5.622932e+002	5.622932e+002	5.622932e+002	
5.545443e+002	5.545443e+002	5.545443e+002	
5.646145e+002	5.646145e+002	5.646145e+002	
5.593823e+002	5.593823e+002	5.593823e+002	
5.616566e+002	5.616566e+002	5.616566e+002	
5.599995e+002	5.599995e+002	5.599995e+002	
5.595665e+002	5.595665e+002	5.595665e+002	
5.582973e+002	5.582973e+002	5.582973e+002	
5.619237e+002	5.619237e+002	5.619237e+002	
5.628603e+002	5.628603e+002	5.628603e+002	
5.596947e+002	5.596947e+002	5.596947e+002	
5.591393e+002	5.591393e+002	5.591393e+002	
5.598834e+002	5.598834e+002	5.598834e+002	
3.641555e+002	3.171211e+002	3.098939e+002	
4.151827e+002	3.519799e+002	3.422333e+002	
4.905020e+002	4.156032e+002	4.040384e+002	
5.921577e+002	5.134288e+002	5.012734e+002	
7.242539e+002	6.565087e+002	6.460389e+002	
2.786284e+002	2.226451e+002	2.140612e+002	
3.503738e+002	2.743032e+002	2.625900e+002	
4.410085e+002	3.502695e+002	3.363210e+002	
5.718901e+002	4.779599e+002	4.634909e+002	
7.202120e+002	6.384891e+002	6.258950e+002	
3.200027e+002	2.667901e+002	2.587022e+002	
3.809435e+002	3.085369e+002	2.974677e+002	
4.687260e+002	3.838437e+002	3.708291e+002	
5.900370e+002	5.015443e+002	4.879227e+002	
7.174835e+002	6.400627e+002	6.281991e+002	
6.045599e+002	5.195229e+002	5.068006e+002	
6.050123e+002	5.194120e+002	5.066193e+002	
5.883774e+002	5.079489e+002	4.959094e+002	
4.813787e+002	3.854887e+002	3.711666e+002	
4.851743e+002	3.880282e+002	3.735286e+002	
4.885226e+002	3.980878e+002	3.845710e+002	
3.849510e+002	2.953950e+002	2.820800e+002	
3.827119e+002	2.910269e+002	2.773793e+002	
3.943474e+002	3.088728e+002	2.961436e+002	
3.089597e+002	2.356911e+002	2.247492e+002	
3.038631e+002	2.288184e+002	2.176258e+002	
3.231273e+002	2.529534e+002	2.424750e+002	
2.420065e+002	1.855313e+002	1.771286e+002	
2.364685e+002	1.786800e+002	1.700818e+002	
2.669311e+002	2.129314e+002	2.049127e+002	
7.281138e+002	6.437868e+002	6.310616e+002	
7.179489e+002	6.385975e+002	6.265978e+002	
7.283933e+002	6.645128e+002	6.548123e+002	
5.669392e+002	4.732018e+002	4.590768e+002	
5.532844e+002	4.635541e+002	4.499878e+002	
6.073993e+002	5.367897e+002	5.260616e+002	
4.400417e+002	3.529453e+002	3.398026e+002	
4.492818e+002	3.681696e+002	3.559273e+002	
5.169133e+002	4.512057e+002	4.412665e+002	
3.529716e+002	2.801709e+002	2.692200e+002	
3.726627e+002	3.068572e+002	2.969353e+002	
4.587318e+002	4.057097e+002	3.976710e+002	
2.938297e+002	2.419009e+002	2.340911e+002	
3.272497e+002	2.780076e+002	2.705887e+002	
4.174539e+002	3.781379e+002	3.721819e+002	
5.584096e+002	5.584096e+002	5.584096e+002	
5.566917e+002	5.566917e+002	5.566917e+002	
5.591761e+002	5.591761e+002	5.591761e+002	
5.582023e+002	5.582023e+002	5.582023e+002	
5.673189e+002	5.673189e+002	5.673189e+002	
5.598827e+002	5.598827e+002	5.598827e+002	
5.599706e+002	5.599706e+002	5.599706e+002	
5.603065e+002	5.603065e+002	5.603065e+002	
5.615800e+002	5.615800e+002	5.615800e+002	
5.594926e+002	5.594926e+002	5.594926e+002	
5.611246e+002	5.611246e+002	5.611246e+002	
5.572368e+002	5.572368e+002	5.572368e+002	
5.614211e+002	5.614211e+002	5.614211e+002	
5.570745e+002	5.570745e+002	5.570745e+002	
5.633399e+002	5.633399e+002	5.633399e+002	
3.717460e+002	3.254792e+002	3.183502e+002	
4.230743e+002	3.597581e+002	3.499899e+002	
4.923014e+002	4.161070e+002	4.043083e+002	
5.967957e+002	5.172269e+002	5.049336e+002	
7.104973e+002	6.405504e+002	6.297239e+002	
3.150940e+002	2.633315e+002	2.553637e+002	
3.648734e+002	2.922309e+002	2.810443e+002	
4.503282e+002	3.644079e+002	3.511226e+002	
5.638860e+002	4.723343e+002	4.581697e+002	
7.193263e+002	6.416514e+002	6.296518e+002	
3.521407e+002	3.026875e+002	2.950992e+002	
4.042147e+002	3.364477e+002	3.260240e+002	
4.848282e+002	4.034596e+002	3.909636e+002	
5.955695e+002	5.121686e+002	4.993261e+002	
7.171586e+002	6.436915e+002	6.323736e+002	
5.986314e+002	5.122276e+002	4.993292e+002	
5.907635e+002	5.024110e+002	4.891913e+002	
5.956526e+002	5.146441e+002	5.025565e+002	
4.859883e+002	3.899314e+002	3.756875e+002	
4.836826e+002	3.850477e+002	3.703959e+002	
4.865518e+002	3.944629e+002	3.807723e+002	
3.935572e+002	3.026168e+002	2.891635e+002	
3.833757e+002	2.921302e+002	2.786448e+002	
3.904994e+002	3.042745e+002	2.915431e+002	
3.101313e+002	2.341586e+002	2.229322e+002	
3.065515e+002	2.315086e+002	2.203977e+002	
3.118434e+002	2.402419e+002	2.296841e+002	
2.473360e+002	1.908898e+002	1.825122e+002	
2.348575e+002	1.765877e+002	1.679897e+002	
2.546246e+002	2.005001e+002	1.924650e+002	
2.985761e+002	2.400570e+002	2.312295e+002	
3.686297e+002	2.899821e+002	2.781657e+002	
4.641123e+002	3.714375e+002	3.574846e+002	
6.012505e+002	5.062065e+002	4.918687e+002	
7.437551e+002	6.597660e+002	6.470887e+002	
3.327060e+002	2.795445e+002	2.714838e+002	
3.896068e+002	3.173089e+002	3.063776e+002	
4.678360e+002	3.824389e+002	3.695223e+002	
5.856800e+002	4.959893e+002	4.823995e+002	
7.406775e+002	6.658970e+002	6.545387e+002	
4.278968e+002	3.846276e+002	3.780686e+002	
4.710564e+002	4.136106e+002	4.048710e+002	
5.331739e+002	4.661904e+002	4.560273e+002	
6.220005e+002	5.522280e+002	5.416303e+002	
7.387283e+002	6.795023e+002	6.704934e+002	
5.590748e+002	5.590748e+002	5.590748e+002	
5.613187e+002	5.613187e+002	5.613187e+002	
5.630601e+002	5.630601e+002	5.630601e+002	
5.554133e+002	5.554133e+002	5.554133e+002	
5.613264e+002	5.613264e+002	5.613264e+002	
5.578969e+002	5.578969e+002	5.578969e+002	
5.616450e+002	5.616450e+002	5.616450e+002	
5.566293e+002	5.566293e+002	5.566293e+002	
5.652103e+002	5.652103e+002	5.652103e+002	
5.638693e+002	5.638693e+002	5.638693e+002	
5.608298e+002	5.608298e+002	5.608298e+002	
5.591417e+002	5.591417e+002	5.591417e+002	
5.595213e+002	5.595213e+002	5.595213e+002	
5.585049e+002	5.585049e+002	5.585049e+002	
5.649879e+002	5.649879e+002	5.649879e+002	
6.792147e+002	6.792147e+002	6.792147e+002	
6.763445e+002	6.763445e+002	6.763445e+002	
6.801531e+002	6.801531e+002	6.801531e+002	
6.821495e+002	6.821495e+002	6.821495e+002	
6.817137e+002	6.817137e+002	6.817137e+002	
6.848762e+002	6.848762e+002	6.848762e+002	
6.803039e+002	6.803039e+002	6.803039e+002	
6.818763e+002	6.818763e+002	6.818763e+002	
6.793165e+002	6.793165e+002	6.793165e+002	
6.794421e+002	6.794421e+002	6.794421e+002	
6.820592e+002	6.820592e+002	6.820592e+002	
6.780021e+002	6.780021e+002	6.780021e+002	
6.806520e+002	6.806520e+002	6.806520e+002	
6.777177e+002	6.777177e+002	6.777177e+002	
6.792090e+002	6.792090e+002	6.792090e+002	
5.946763e+002	5.164991e+002	5.047973e+002	
4.935122e+002	4.033483e+002	3.898882e+002	
4.151643e+002	3.279033e+002	3.148846e+002	
3.578772e+002	2.845186e+002	2.735616e+002	
3.076407e+002	2.508517e+002	2.423813e+002	
5.954996e+002	5.248542e+002	5.142281e+002	
5.063543e+002	4.239931e+002	4.116152e+002	
4.374752e+002	3.583908e+002	3.465363e+002	
3.873333e+002	3.198188e+002	3.097404e+002	
3.296582e+002	2.792026e+002	2.716979e+002	
5.791464e+002	5.245770e+002	5.163270e+002	
5.143804e+002	4.489224e+002	4.390790e+002	
4.582465e+002	3.951364e+002	3.856687e+002	
4.240303e+002	3.707342e+002	3.627481e+002	
3.765980e+002	3.359762e+002	3.298913e+002	
