3.889326e+002	3.577505e+002	3.528867e+002	
4.305898e+002	3.720662e+002	3.629379e+002	
1.064729e+002	7.684578e+001	7.222459e+001	
1.607447e+002	8.883672e+001	7.762064e+001	
4.143320e+001	1.738412e+001	1.363297e+001	
7.893577e+001	3.243621e+001	2.518327e+001	
0.000000e+000	0.000000e+000	0.000000e+000	
4.683608e-003	1.059055e-003	4.937012e-004	
3.797632e+002	3.196585e+002	3.102834e+002	
3.087755e+002	2.610229e+002	2.535745e+002	
3.903925e+002	3.298234e+002	3.203760e+002	
3.159565e+002	2.660226e+002	2.582339e+002	
3.816807e+002	3.121993e+002	3.013617e+002	
3.137654e+002	2.601763e+002	2.518176e+002	
3.563610e+002	2.785924e+002	2.664622e+002	
2.823070e+002	2.234016e+002	2.142136e+002	
3.216369e+002	2.404180e+002	2.277495e+002	
2.547496e+002	1.938304e+002	1.843284e+002	
0.000000e+000	0.000000e+000	0.000000e+000	
0.000000e+000	0.000000e+000	0.000000e+000	
2.437924e+002	1.908439e+002	1.825851e+002	
3.144374e+002	2.389707e+002	2.271995e+002	
1.890857e+002	1.364426e+002	1.282315e+002	
2.631956e+002	1.797286e+002	1.667094e+002	
1.488883e+002	9.816467e+001	9.025288e+001	
2.169938e+002	1.361890e+002	1.235852e+002	
1.997172e+002	1.524479e+002	1.450748e+002	
2.611757e+002	1.895855e+002	1.784189e+002	
2.863682e+002	1.949827e+002	1.807285e+002	
2.324055e+002	1.789007e+002	1.705552e+002	
2.243255e+002	1.320611e+002	1.176698e+002	
1.675025e+002	1.143444e+002	1.060528e+002	
2.388904e+002	1.660678e+002	1.547090e+002	
2.028482e+002	1.592191e+002	1.524139e+002	
2.426408e+002	1.601474e+002	1.472802e+002	
1.816435e+002	1.305104e+002	1.225346e+002	
2.049235e+002	1.247208e+002	1.122109e+002	
1.472900e+002	9.641074e+001	8.847466e+001	
2.246722e+002	1.508081e+002	1.392868e+002	
1.739828e+002	1.238482e+002	1.160283e+002	
3.344787e+002	2.504262e+002	2.373158e+002	
3.831363e+002	2.743489e+002	2.573804e+002	
3.282242e+002	2.454090e+002	2.324917e+002	
3.923036e+002	2.859011e+002	2.693047e+002	
3.423162e+002	2.742177e+002	2.635957e+002	
4.033973e+002	3.168436e+002	3.033430e+002	
3.417217e+002	2.803412e+002	2.707671e+002	
3.955432e+002	3.212479e+002	3.096595e+002	
3.233813e+002	2.635278e+002	2.541921e+002	
3.921200e+002	3.184677e+002	3.069796e+002	
6.150616e+002	6.150616e+002	6.150616e+002	
6.126326e+002	6.126326e+002	6.126326e+002	
6.154486e+002	6.154486e+002	6.154486e+002	
6.096641e+002	6.096641e+002	6.096641e+002	
6.128351e+002	6.123273e+002	6.122481e+002	
6.122085e+002	6.122085e+002	6.122085e+002	
6.130516e+002	6.128064e+002	6.127681e+002	
6.118943e+002	6.116735e+002	6.116390e+002	
6.134382e+002	6.124295e+002	6.122721e+002	
6.109790e+002	6.105103e+002	6.104372e+002	
6.148711e+002	6.147419e+002	6.147217e+002	
6.098911e+002	6.096525e+002	6.096152e+002	
6.103648e+002	6.085818e+002	6.083037e+002	
6.155831e+002	6.143959e+002	6.142108e+002	
6.037648e+002	6.009271e+002	6.004844e+002	
6.005236e+002	5.983300e+002	5.979879e+002	
3.018424e+002	2.451507e+002	2.363080e+002	
3.442015e+002	2.734937e+002	2.624646e+002	
3.063557e+002	2.416124e+002	2.315139e+002	
3.554332e+002	2.730631e+002	2.602150e+002	
3.481640e+002	2.807612e+002	2.702478e+002	
3.936235e+002	3.096700e+002	2.965752e+002	
4.593439e+002	4.051402e+002	3.966856e+002	
4.942607e+002	4.230206e+002	4.119087e+002	
5.170001e+002	4.704250e+002	4.631604e+002	
5.531044e+002	4.932506e+002	4.839147e+002	
2.363594e+002	1.267532e+002	1.096570e+002	
1.531426e+002	8.065693e+001	6.935068e+001	
2.570302e+002	1.423925e+002	1.245154e+002	
1.775166e+002	1.068902e+002	9.588652e+001	
3.073378e+002	2.170324e+002	2.029930e+002	
2.304405e+002	1.681154e+002	1.584397e+002	
2.776536e+002	1.892723e+002	1.755172e+002	
2.102106e+002	1.496652e+002	1.402507e+002	
2.448290e+002	1.278565e+002	1.096113e+002	
1.605405e+002	9.165988e+001	8.091595e+001	
2.345946e+002	1.223751e+002	1.048713e+002	
1.618433e+002	9.284500e+001	8.208274e+001	
2.554115e+002	1.551185e+002	1.394749e+002	
1.791358e+002	1.097282e+002	9.890202e+001	
2.599282e+002	1.710695e+002	1.572095e+002	
2.005227e+002	1.357166e+002	1.256082e+002	
1.440378e+002	1.181172e+002	1.140742e+002	
1.687203e+002	1.321874e+002	1.264891e+002	
2.056319e+002	1.582846e+002	1.508994e+002	
2.706357e+002	2.053679e+002	1.951875e+002	
4.409265e+002	3.495469e+002	3.352937e+002	
6.849708e+002	6.002661e+002	5.870538e+002	
3.461577e+002	2.600751e+002	2.466480e+002	
1.850376e+002	1.391446e+002	1.319863e+002	
1.325172e+002	1.062253e+002	1.021244e+002	
1.168713e+002	1.009100e+002	9.842036e+001	
1.024691e+002	9.110167e+001	8.932858e+001	
9.643320e+001	8.914741e+001	8.801100e+001	
3.954229e+001	1.659547e+001	1.301867e+001	
5.398241e+001	2.164892e+001	1.660774e+001	
8.406713e+001	4.185580e+001	3.527290e+001	
1.608805e+002	1.021564e+002	9.300188e+001	
3.336597e+002	2.466807e+002	2.331359e+002	
6.358040e+002	5.392562e+002	5.242163e+002	
4.099663e+002	3.060714e+002	2.899280e+002	
1.852534e+002	1.257642e+002	1.165188e+002	
1.144005e+002	7.392220e+001	6.762696e+001	
7.311082e+001	4.136974e+001	3.642834e+001	
5.106295e+001	2.535992e+001	2.135649e+001	
4.260151e+001	2.497513e+001	2.222964e+001	
1.401760e+002	1.149813e+002	1.110515e+002	
1.646761e+002	1.290335e+002	1.234740e+002	
1.956108e+002	1.476296e+002	1.401456e+002	
2.723235e+002	2.088986e+002	1.990056e+002	
4.549033e+002	3.683152e+002	3.548094e+002	
6.898391e+002	6.130315e+002	6.010511e+002	
5.634250e+002	5.213155e+002	5.147471e+002	
4.212125e+002	3.805954e+002	3.742602e+002	
3.656127e+002	3.343758e+002	3.295036e+002	
3.460083e+002	3.197495e+002	3.156534e+002	
3.260135e+002	3.050183e+002	3.017437e+002	
3.104014e+002	2.956146e+002	2.933084e+002	
4.762920e+002	4.196633e+002	4.108304e+002	
3.297351e+002	2.886373e+002	2.822271e+002	
2.733717e+002	2.435107e+002	2.388531e+002	
2.639700e+002	2.408514e+002	2.372455e+002	
2.487469e+002	2.287801e+002	2.256655e+002	
2.408218e+002	2.247498e+002	2.222429e+002	
4.336594e+002	3.381089e+002	3.232192e+002	
2.510393e+002	1.939406e+002	1.850464e+002	
1.894762e+002	1.486769e+002	1.423232e+002	
1.549696e+002	1.231000e+002	1.181400e+002	
1.277702e+002	1.019025e+002	9.787567e+001	
1.067706e+002	8.808916e+001	8.518242e+001	
4.950816e+002	4.343203e+002	4.248984e+002	
3.719325e+002	3.206185e+002	3.126750e+002	
3.155217e+002	2.741591e+002	2.677453e+002	
2.946711e+002	2.604467e+002	2.551385e+002	
2.854087e+002	2.555826e+002	2.509550e+002	
2.636851e+002	2.413771e+002	2.379211e+002	
4.654289e+002	3.473768e+002	3.291165e+002	
2.184872e+002	1.216915e+002	1.067156e+002	
1.437442e+002	6.317233e+001	5.070652e+001	
1.063252e+002	3.612901e+001	2.525170e+001	
8.408051e+001	2.527934e+001	1.617465e+001	
6.072860e+001	1.927568e+001	1.286012e+001	
5.375391e+002	4.150961e+002	3.961563e+002	
2.886053e+002	1.687225e+002	1.501869e+002	
1.942953e+002	9.199010e+001	7.617001e+001	
1.497759e+002	5.750625e+001	4.324538e+001	
1.138399e+002	3.506111e+001	2.289140e+001	
7.780608e+001	2.251299e+001	1.397261e+001	
3.341393e+002	2.925839e+002	2.861129e+002	
3.740088e+002	3.186269e+002	3.100013e+002	
4.301193e+002	3.685407e+002	3.589489e+002	
5.120323e+002	4.481758e+002	4.382372e+002	
6.319624e+002	5.727687e+002	5.635505e+002	
6.972565e+002	6.481931e+002	6.405500e+002	
5.983091e+002	5.980546e+002	5.980149e+002	
6.016267e+002	6.012778e+002	6.012234e+002	
5.966959e+002	5.966006e+002	5.965858e+002	
5.976562e+002	5.974949e+002	5.974697e+002	
5.992289e+002	5.989521e+002	5.989089e+002	
5.972399e+002	5.970810e+002	5.970562e+002	
6.035675e+002	6.035675e+002	6.035675e+002	
5.962867e+002	5.960098e+002	5.959666e+002	
6.018511e+002	6.018511e+002	6.018511e+002	
6.018636e+002	6.018636e+002	6.018636e+002	
6.050201e+002	6.050201e+002	6.050201e+002	
6.027958e+002	6.027958e+002	6.027958e+002	
5.940910e+002	5.938494e+002	5.938117e+002	
6.059424e+002	6.057502e+002	6.057203e+002	
5.978284e+002	5.978284e+002	5.978284e+002	
5.976341e+002	5.976341e+002	5.976341e+002	
6.018283e+002	6.018283e+002	6.018283e+002	
6.047999e+002	6.047999e+002	6.047999e+002	
4.158613e+002	3.699416e+002	3.627967e+002	
4.652368e+002	4.036833e+002	3.941017e+002	
5.225408e+002	4.499313e+002	4.386088e+002	
5.727161e+002	4.935856e+002	4.812528e+002	
6.576025e+002	5.829321e+002	5.712908e+002	
7.051326e+002	6.409707e+002	6.309727e+002	
4.435916e+002	3.232542e+002	3.044843e+002	
2.820627e+002	1.778970e+002	1.616644e+002	
2.191580e+002	1.302002e+002	1.163325e+002	
1.799012e+002	1.053932e+002	9.377339e+001	
1.513134e+002	8.763280e+001	7.771178e+001	
1.185911e+002	7.253409e+001	6.535670e+001	
2.400251e+002	1.808971e+002	1.717106e+002	
2.819886e+002	2.066305e+002	1.949085e+002	
3.435954e+002	2.568056e+002	2.432959e+002	
4.016783e+002	3.062380e+002	2.913872e+002	
5.199678e+002	4.181479e+002	4.023027e+002	
6.847048e+002	5.908715e+002	5.762646e+002	
5.127462e+002	4.221853e+002	4.082021e+002	
3.776180e+002	3.055989e+002	2.944915e+002	
3.270942e+002	2.687833e+002	2.597624e+002	
3.034306e+002	2.544881e+002	2.469375e+002	
2.856300e+002	2.461204e+002	2.400173e+002	
2.632747e+002	2.357162e+002	2.314710e+002	
3.132187e+002	2.608279e+002	2.526817e+002	
3.640955e+002	2.939221e+002	2.829916e+002	
4.495244e+002	3.648251e+002	3.516327e+002	
5.306893e+002	4.352498e+002	4.203783e+002	
6.470281e+002	5.531678e+002	5.385341e+002	
7.215073e+002	6.415218e+002	6.290506e+002	
6.442627e+002	5.635203e+002	5.509265e+002	
5.206973e+002	4.342310e+002	4.207503e+002	
4.138245e+002	3.360837e+002	3.239634e+002	
3.275031e+002	2.605594e+002	2.501268e+002	
2.607107e+002	2.071894e+002	1.988530e+002	
2.213343e+002	1.777863e+002	1.710087e+002	
6.129862e+002	5.307380e+002	5.179091e+002	
4.511141e+002	3.646805e+002	3.511999e+002	
3.616035e+002	2.846992e+002	2.727036e+002	
2.825046e+002	2.176348e+002	2.075166e+002	
2.367625e+002	1.851973e+002	1.771614e+002	
1.911315e+002	1.494834e+002	1.429978e+002	
5.643779e+001	2.075030e+001	1.518381e+001	
7.570499e+001	2.836188e+001	2.097734e+001	
1.015118e+002	4.239935e+001	3.317905e+001	
1.529061e+002	7.560490e+001	6.354753e+001	
2.782826e+002	1.745894e+002	1.584154e+002	
6.182817e+002	5.057983e+002	4.882531e+002	
4.193159e+002	3.315714e+002	3.179162e+002	
2.461927e+002	1.890535e+002	1.801623e+002	
1.830638e+002	1.399163e+002	1.331945e+002	
1.432798e+002	1.064236e+002	1.006829e+002	
1.139204e+002	8.568607e+001	8.128830e+001	
1.013420e+002	7.916356e+001	7.570670e+001	
5.282939e+002	4.460539e+002	4.333044e+002	
3.828308e+002	3.138694e+002	3.031530e+002	
3.038503e+002	2.437610e+002	2.344183e+002	
2.501243e+002	1.993873e+002	1.915023e+002	
2.093138e+002	1.673289e+002	1.608125e+002	
1.858622e+002	1.513046e+002	1.459396e+002	
3.649020e+002	2.724856e+002	2.581319e+002	
2.165966e+002	1.617074e+002	1.531951e+002	
1.710265e+002	1.277722e+002	1.210585e+002	
1.302778e+002	9.329795e+001	8.755038e+001	
1.030197e+002	7.488878e+001	7.052630e+001	
9.317758e+001	7.039339e+001	6.686014e+001	
1.560204e+002	1.246171e+002	1.198195e+002	
1.862995e+002	1.450333e+002	1.387051e+002	
2.393625e+002	1.886359e+002	1.808423e+002	
3.045728e+002	2.424606e+002	2.329170e+002	
4.234557e+002	3.372050e+002	3.239234e+002	
6.412002e+002	5.414688e+002	5.260453e+002	
4.243783e+002	2.930450e+002	2.727687e+002	
2.051523e+002	1.038647e+002	8.831321e+001	
1.364360e+002	5.889642e+001	4.702459e+001	
9.902911e+001	3.820999e+001	2.890361e+001	
7.575101e+001	2.675928e+001	1.927900e+001	
5.057913e+001	1.610440e+001	1.084823e+001	
2.470169e+002	1.952753e+002	1.872963e+002	
3.013689e+002	2.336459e+002	2.231962e+002	
3.754820e+002	2.947854e+002	2.823215e+002	
4.654766e+002	3.745660e+002	3.605024e+002	
6.122010e+002	5.232952e+002	5.095460e+002	
7.112466e+002	6.321906e+002	6.199729e+002	
6.351614e+002	5.654709e+002	5.546006e+002	
5.050421e+002	4.273599e+002	4.152490e+002	
4.048327e+002	3.334019e+002	3.222624e+002	
3.253757e+002	2.654802e+002	2.561439e+002	
2.708747e+002	2.234863e+002	2.160977e+002	
2.330449e+002	1.960685e+002	1.903010e+002	
6.402277e+002	5.721135e+002	5.614891e+002	
5.176177e+002	4.406329e+002	4.286250e+002	
4.079089e+002	3.352052e+002	3.238668e+002	
3.288174e+002	2.660831e+002	2.562979e+002	
2.705764e+002	2.222404e+002	2.147010e+002	
2.346524e+002	1.952283e+002	1.890865e+002	
6.481634e+002	5.753082e+002	5.639500e+002	
5.250150e+002	4.435595e+002	4.308542e+002	
4.148866e+002	3.378987e+002	3.258902e+002	
3.330472e+002	2.669471e+002	2.566440e+002	
2.614648e+002	2.101202e+002	2.021142e+002	
2.309021e+002	1.885983e+002	1.819998e+002	
5.991103e+002	5.991103e+002	5.991103e+002	
5.929203e+002	5.929203e+002	5.929203e+002	
5.951324e+002	5.951324e+002	5.951324e+002	
5.979470e+002	5.979470e+002	5.979470e+002	
6.046986e+002	6.046986e+002	6.046986e+002	
5.928510e+002	5.928510e+002	5.928510e+002	
5.990184e+002	5.990184e+002	5.990184e+002	
6.030383e+002	6.030383e+002	6.030383e+002	
5.942328e+002	5.942328e+002	5.942328e+002	
6.017018e+002	6.017018e+002	6.017018e+002	
6.013736e+002	6.012806e+002	6.012661e+002	
6.012188e+002	6.011258e+002	6.011113e+002	
5.990184e+002	5.990184e+002	5.990184e+002	
6.030383e+002	6.030383e+002	6.030383e+002	
5.942328e+002	5.942328e+002	5.942328e+002	
6.017018e+002	6.017018e+002	6.017018e+002	
5.931950e+002	5.931950e+002	5.931950e+002	
5.997838e+002	5.997838e+002	5.997838e+002	
4.450323e+002	4.018696e+002	3.951936e+002	
4.869606e+002	4.294540e+002	4.205702e+002	
5.160752e+002	4.524666e+002	4.426281e+002	
5.635528e+002	4.985176e+002	4.884528e+002	
6.266275e+002	5.658203e+002	5.564168e+002	
6.908513e+002	6.422751e+002	6.347687e+002	
3.912804e+002	2.414922e+002	2.181326e+002	
2.330495e+002	9.763013e+001	7.651436e+001	
1.819359e+002	5.918033e+001	4.003684e+001	
1.612758e+002	4.696613e+001	2.913898e+001	
1.428318e+002	3.917554e+001	2.301133e+001	
1.039335e+002	2.750212e+001	1.558302e+001	
2.060495e+002	1.571414e+002	1.496042e+002	
2.245649e+002	1.659688e+002	1.568891e+002	
2.699096e+002	2.024250e+002	1.919729e+002	
3.279214e+002	2.561306e+002	2.450325e+002	
4.112005e+002	3.299378e+002	3.173378e+002	
6.007854e+002	5.096757e+002	4.955439e+002	
4.369487e+002	4.227852e+002	4.206387e+002	
4.550627e+002	4.375012e+002	4.348234e+002	
4.692923e+002	4.491689e+002	4.461074e+002	
4.915977e+002	4.655574e+002	4.615898e+002	
5.779766e+002	5.441970e+002	5.390283e+002	
6.817623e+002	6.458163e+002	6.402735e+002	
3.152763e+002	2.905354e+002	2.867751e+002	
3.526234e+002	3.222064e+002	3.175501e+002	
3.652392e+002	3.297910e+002	3.243493e+002	
4.054482e+002	3.640272e+002	3.576399e+002	
4.834178e+002	4.305030e+002	4.223269e+002	
6.607373e+002	5.963994e+002	5.864459e+002	
3.394873e+002	2.680237e+002	2.569973e+002	
2.522921e+002	2.008814e+002	1.929672e+002	
2.218844e+002	1.759892e+002	1.689381e+002	
2.106797e+002	1.694207e+002	1.630755e+002	
2.016237e+002	1.667153e+002	1.613497e+002	
1.873155e+002	1.606218e+002	1.565117e+002	
1.486646e+002	4.788451e+001	3.226818e+001	
1.686302e+002	5.682186e+001	3.951024e+001	
1.805775e+002	6.293219e+001	4.471978e+001	
2.062510e+002	8.040319e+001	6.090347e+001	
2.808169e+002	1.457264e+002	1.248101e+002	
6.057345e+002	4.738097e+002	4.533969e+002	
6.094791e+002	5.781696e+002	5.734362e+002	
5.620079e+002	5.256143e+002	5.201296e+002	
5.276760e+002	4.934222e+002	4.882401e+002	
5.058193e+002	4.750851e+002	4.704458e+002	
4.958114e+002	4.722621e+002	4.687010e+002	
4.790219e+002	4.610004e+002	4.582649e+002	
6.211212e+002	5.892134e+002	5.843896e+002	
5.903335e+002	5.521056e+002	5.463445e+002	
5.509296e+002	5.151663e+002	5.097557e+002	
5.030228e+002	4.770326e+002	4.731116e+002	
5.176614e+002	4.930743e+002	4.893562e+002	
5.055998e+002	4.865783e+002	4.836911e+002	
1.772273e+002	1.440999e+002	1.390207e+002	
2.068809e+002	1.608861e+002	1.538452e+002	
2.583064e+002	2.018494e+002	1.932441e+002	
3.428369e+002	2.722604e+002	2.614770e+002	
5.165574e+002	4.307394e+002	4.176112e+002	
6.801476e+002	6.038308e+002	5.921209e+002	
4.049412e+002	3.056881e+002	2.902341e+002	
1.956542e+002	1.297485e+002	1.195041e+002	
1.190965e+002	7.221443e+001	6.491303e+001	
8.705903e+001	5.285753e+001	4.753056e+001	
6.190678e+001	3.459365e+001	3.033694e+001	
5.205700e+001	3.253728e+001	2.949711e+001	
4.749920e+001	2.225848e+001	1.834854e+001	
6.461401e+001	3.062077e+001	2.536747e+001	
1.078063e+002	6.260002e+001	5.562400e+001	
1.893569e+002	1.268536e+002	1.171927e+002	
3.715034e+002	2.807681e+002	2.667433e+002	
6.506608e+002	5.592734e+002	5.451169e+002	
4.509600e+002	3.562366e+002	3.415812e+002	
2.442744e+002	1.890031e+002	1.804890e+002	
1.648250e+002	1.324364e+002	1.274621e+002	
1.389577e+002	1.175587e+002	1.142788e+002	
1.277547e+002	1.131085e+002	1.108798e+002	
1.137458e+002	1.033165e+002	1.017291e+002	
1.446405e+002	1.076798e+002	1.019219e+002	
1.677623e+002	1.194567e+002	1.119419e+002	
2.054856e+002	1.486736e+002	1.398500e+002	
2.615822e+002	1.896831e+002	1.785464e+002	
4.450609e+002	3.515027e+002	3.370298e+002	
6.752726e+002	5.899095e+002	5.767048e+002	
6.349237e+002	5.674224e+002	5.568935e+002	
5.318608e+002	4.571350e+002	4.454795e+002	
4.383356e+002	3.693318e+002	3.585687e+002	
3.821142e+002	3.247990e+002	3.158590e+002	
3.374617e+002	2.956214e+002	2.890952e+002	
3.006494e+002	2.686572e+002	2.636671e+002	
6.217405e+002	5.717291e+002	5.639283e+002	
5.620015e+002	5.067527e+002	4.981350e+002	
5.154805e+002	4.641596e+002	4.561544e+002	
4.740691e+002	4.319431e+002	4.253722e+002	
4.369931e+002	4.055790e+002	4.006792e+002	
4.179031e+002	3.938179e+002	3.900611e+002	
6.248656e+002	5.857125e+002	5.796053e+002	
5.910413e+002	5.461936e+002	5.391984e+002	
5.486841e+002	5.058473e+002	4.991657e+002	
5.232161e+002	4.866024e+002	4.808911e+002	
4.984875e+002	4.703111e+002	4.659162e+002	
4.879286e+002	4.645633e+002	4.609187e+002	
6.286361e+002	6.162757e+002	6.143478e+002	
6.385388e+002	6.223774e+002	6.198563e+002	
6.455658e+002	6.284805e+002	6.258156e+002	
6.385952e+002	6.208132e+002	6.180398e+002	
6.606975e+002	6.445245e+002	6.420021e+002	
6.678776e+002	6.561611e+002	6.543333e+002	
4.116631e+002	2.721068e+002	2.503389e+002	
2.527025e+002	1.228794e+002	1.026297e+002	
2.208483e+002	9.477565e+001	7.511095e+001	
2.088409e+002	8.634216e+001	6.723490e+001	
1.925293e+002	7.923746e+001	6.156628e+001	
1.488762e+002	6.778780e+001	5.513973e+001	
5.279380e+002	3.871181e+002	3.651532e+002	
3.402343e+002	1.871080e+002	1.632235e+002	
2.870115e+002	1.383504e+002	1.151624e+002	
2.686845e+002	1.255357e+002	1.032075e+002	
2.418708e+002	1.145472e+002	9.468749e+001	
1.888819e+002	1.001231e+002	8.627860e+001	
4.539008e+002	4.323563e+002	4.292081e+002	
4.599612e+002	4.346933e+002	4.308672e+002	
4.678957e+002	4.401349e+002	4.359389e+002	
4.950412e+002	4.634109e+002	4.586162e+002	
5.665341e+002	5.214478e+002	5.145402e+002	
7.080234e+002	6.626730e+002	6.556561e+002	
1.426730e+002	1.243926e+002	1.216026e+002	
1.574508e+002	1.371356e+002	1.340180e+002	
1.537745e+002	1.308901e+002	1.273585e+002	
1.648572e+002	1.374706e+002	1.332293e+002	
2.058100e+002	1.639413e+002	1.574251e+002	
4.732622e+002	3.884265e+002	3.752069e+002	
6.080104e+002	5.631007e+002	5.562264e+002	
5.512384e+002	5.042332e+002	4.970690e+002	
5.266395e+002	4.796762e+002	4.725308e+002	
5.060746e+002	4.632165e+002	4.566907e+002	
4.888180e+002	4.500899e+002	4.441867e+002	
4.761110e+002	4.492180e+002	4.451035e+002	
5.589213e+002	4.978140e+002	4.883713e+002	
4.711012e+002	4.205762e+002	4.128286e+002	
4.404967e+002	3.960767e+002	3.892513e+002	
4.366628e+002	3.953270e+002	3.889735e+002	
4.245435e+002	3.861214e+002	3.802219e+002	
4.130156e+002	3.809154e+002	3.759876e+002	
6.496440e+002	6.491309e+002	6.490510e+002	
6.567884e+002	6.566540e+002	6.566331e+002	
6.570358e+002	6.566954e+002	6.566423e+002	
6.572086e+002	6.572086e+002	6.572086e+002	
6.543405e+002	6.535179e+002	6.533896e+002	
6.600678e+002	6.594633e+002	6.593690e+002	
3.702255e+002	2.614712e+002	2.445077e+002	
2.913791e+002	1.886301e+002	1.726034e+002	
2.826566e+002	1.810483e+002	1.651996e+002	
2.805190e+002	1.792673e+002	1.634742e+002	
2.821476e+002	1.836133e+002	1.682440e+002	
2.529458e+002	1.723738e+002	1.598064e+002	
4.833365e+002	4.473577e+002	4.417843e+002	
4.927915e+002	4.546237e+002	4.486848e+002	
4.922450e+002	4.539965e+002	4.480508e+002	
5.003061e+002	4.622117e+002	4.562741e+002	
5.046971e+002	4.613535e+002	4.546155e+002	
6.299442e+002	5.815719e+002	5.740378e+002	
4.957057e+002	4.101958e+002	3.969266e+002	
4.235928e+002	3.461482e+002	3.341143e+002	
4.175884e+002	3.414117e+002	3.296079e+002	
4.173112e+002	3.419166e+002	3.302339e+002	
4.116704e+002	3.373936e+002	3.258753e+002	
3.974662e+002	3.371026e+002	3.277594e+002	
6.581754e+002	6.581754e+002	6.581754e+002	
6.568087e+002	6.568087e+002	6.568087e+002	
6.601454e+002	6.601454e+002	6.601454e+002	
6.638250e+002	6.638250e+002	6.638250e+002	
6.604999e+002	6.604999e+002	6.604999e+002	
6.604999e+002	6.604999e+002	6.604999e+002	
6.403183e+002	5.843716e+002	5.756452e+002	
5.572476e+002	4.926778e+002	4.826063e+002	
4.863521e+002	4.252138e+002	4.156776e+002	
4.439308e+002	3.929280e+002	3.849728e+002	
4.039573e+002	3.642319e+002	3.580356e+002	
3.895109e+002	3.593689e+002	3.546675e+002	
6.344780e+002	5.607037e+002	5.491962e+002	
5.259213e+002	4.461621e+002	4.337213e+002	
4.280025e+002	3.558120e+002	3.445518e+002	
3.667300e+002	3.066615e+002	2.972920e+002	
3.123366e+002	2.657728e+002	2.585099e+002	
2.781885e+002	2.444978e+002	2.392427e+002	
6.383297e+002	5.624844e+002	5.506542e+002	
4.927077e+002	4.090753e+002	3.960303e+002	
3.889942e+002	3.127453e+002	3.008521e+002	
3.188867e+002	2.545427e+002	2.445063e+002	
2.703921e+002	2.221820e+002	2.146623e+002	
2.468568e+002	2.111309e+002	2.055585e+002	
5.819976e+002	5.587720e+002	5.551492e+002	
5.993568e+002	5.679129e+002	5.630085e+002	
6.043367e+002	5.692051e+002	5.637255e+002	
6.212230e+002	5.854280e+002	5.798450e+002	
6.530665e+002	6.194685e+002	6.142275e+002	
6.814422e+002	6.564142e+002	6.525101e+002	
3.903665e+002	2.307917e+002	2.059013e+002	
2.542075e+002	1.042737e+002	8.088726e+001	
2.220724e+002	7.893726e+001	5.661125e+001	
2.076240e+002	6.935921e+001	4.779282e+001	
1.961632e+002	6.212625e+001	4.121931e+001	
1.544058e+002	5.084233e+001	3.468859e+001	
3.248393e+002	2.849159e+002	2.787459e+002	
3.316268e+002	2.851650e+002	2.779385e+002	
3.449563e+002	2.939434e+002	2.860139e+002	
3.713494e+002	3.165323e+002	3.080110e+002	
4.209625e+002	3.565305e+002	3.465159e+002	
6.010288e+002	5.267416e+002	5.151752e+002	
5.224413e+002	5.127427e+002	5.112786e+002	
5.349061e+002	5.237180e+002	5.220228e+002	
5.327439e+002	5.184525e+002	5.162865e+002	
5.489056e+002	5.312708e+002	5.285889e+002	
5.955306e+002	5.702610e+002	5.663618e+002	
7.028224e+002	6.742640e+002	6.698394e+002	
4.291558e+002	4.084656e+002	4.053087e+002	
4.270025e+002	4.034431e+002	3.998134e+002	
4.362317e+002	4.101970e+002	4.061854e+002	
4.541068e+002	4.247158e+002	4.201886e+002	
5.066077e+002	4.647698e+002	4.583081e+002	
6.777195e+002	6.241898e+002	6.158874e+002	
3.519130e+002	2.674411e+002	2.544193e+002	
2.500294e+002	1.841205e+002	1.740042e+002	
2.181677e+002	1.556526e+002	1.461244e+002	
1.969559e+002	1.416679e+002	1.332011e+002	
1.794686e+002	1.290168e+002	1.213079e+002	
1.575136e+002	1.182802e+002	1.122717e+002	
1.538437e+002	3.928326e+001	2.150915e+001	
1.709985e+002	4.678096e+001	2.754519e+001	
1.899707e+002	5.778516e+001	3.732445e+001	
2.131061e+002	7.516248e+001	5.383078e+001	
2.898020e+002	1.432518e+002	1.205565e+002	
5.938809e+002	4.532877e+002	4.315496e+002	
6.392003e+002	5.900724e+002	5.825896e+002	
5.836147e+002	5.255627e+002	5.167791e+002	
5.486710e+002	4.894814e+002	4.805310e+002	
5.213135e+002	4.658484e+002	4.574217e+002	
4.948409e+002	4.493239e+002	4.423949e+002	
4.794562e+002	4.435949e+002	4.381292e+002	
6.350591e+002	5.927630e+002	5.862881e+002	
6.050873e+002	5.563671e+002	5.489146e+002	
5.805574e+002	5.179280e+002	5.084574e+002	
5.533228e+002	4.944521e+002	4.855079e+002	
5.211571e+002	4.732195e+002	4.659220e+002	
5.071805e+002	4.692456e+002	4.634638e+002	
6.536547e+002	6.510333e+002	6.506381e+002	
6.581585e+002	6.545698e+002	6.540320e+002	
6.584813e+002	6.550507e+002	6.545350e+002	
6.608366e+002	6.565073e+002	6.558580e+002	
6.571636e+002	6.542398e+002	6.538044e+002	
6.589481e+002	6.560164e+002	6.555798e+002	
4.461799e+002	3.448379e+002	3.290936e+002	
3.245888e+002	2.256057e+002	2.102416e+002	
2.946514e+002	1.989713e+002	1.841212e+002	
2.912146e+002	1.970816e+002	1.824641e+002	
2.801342e+002	1.925422e+002	1.789322e+002	
2.473689e+002	1.792233e+002	1.686422e+002	
4.755359e+002	4.462439e+002	4.417475e+002	
4.742339e+002	4.412202e+002	4.361130e+002	
4.761034e+002	4.424526e+002	4.372411e+002	
4.893759e+002	4.529127e+002	4.472678e+002	
5.246716e+002	4.807180e+002	4.738912e+002	
6.500543e+002	6.057363e+002	5.988393e+002	
5.234120e+002	4.247744e+002	4.094526e+002	
4.093474e+002	3.192412e+002	3.052613e+002	
3.832303e+002	2.970839e+002	2.837280e+002	
3.809021e+002	2.974489e+002	2.845321e+002	
3.784947e+002	2.984877e+002	2.861177e+002	
3.441884e+002	2.816596e+002	2.720148e+002	
6.524824e+002	6.466398e+002	6.457651e+002	
6.545945e+002	6.471956e+002	6.460963e+002	
6.532054e+002	6.445963e+002	6.433135e+002	
6.553452e+002	6.470872e+002	6.458621e+002	
6.588924e+002	6.517542e+002	6.506967e+002	
6.693112e+002	6.633550e+002	6.624722e+002	
6.327170e+002	5.464889e+002	5.336098e+002	
5.108647e+002	4.124063e+002	3.976485e+002	
4.029193e+002	3.075064e+002	2.932184e+002	
3.329840e+002	2.496335e+002	2.371982e+002	
2.727637e+002	2.080783e+002	1.984375e+002	
2.327962e+002	1.806546e+002	1.729025e+002	
6.336004e+002	5.434664e+002	5.299525e+002	
5.110136e+002	4.043433e+002	3.883811e+002	
4.155836e+002	3.120808e+002	2.965836e+002	
3.360503e+002	2.444695e+002	2.306903e+002	
2.823999e+002	2.107975e+002	2.000269e+002	
2.307175e+002	1.742690e+002	1.657551e+002	
6.332714e+002	5.413335e+002	5.275434e+002	
5.140026e+002	4.049696e+002	3.886480e+002	
4.252615e+002	3.170742e+002	3.008729e+002	
3.432351e+002	2.455521e+002	2.308840e+002	
2.751798e+002	1.968456e+002	1.850505e+002	
2.462392e+002	1.870992e+002	1.781852e+002	
2.423446e+002	1.967517e+002	1.897395e+002	
3.142504e+002	2.549242e+002	2.458015e+002	
3.924413e+002	3.198415e+002	3.086476e+002	
5.012091e+002	4.214114e+002	4.091105e+002	
6.240851e+002	5.463905e+002	5.343750e+002	
7.016191e+002	6.338482e+002	6.233644e+002	
3.875746e+002	2.585821e+002	2.384620e+002	
1.985959e+002	9.734554e+001	8.155261e+001	
1.362118e+002	5.695474e+001	4.459235e+001	
9.827560e+001	3.640715e+001	2.675698e+001	
7.043104e+001	2.383008e+001	1.656132e+001	
4.708930e+001	1.732735e+001	1.268512e+001	
5.140972e+002	3.815974e+002	3.609300e+002	
2.753141e+002	1.525492e+002	1.334004e+002	
1.782397e+002	8.010255e+001	6.479522e+001	
1.295168e+002	5.352618e+001	4.167324e+001	
9.248130e+001	3.651193e+001	2.778190e+001	
5.762585e+001	2.209393e+001	1.655171e+001	
9.834620e+001	7.897160e+001	7.600069e+001	
1.329207e+002	1.067622e+002	1.027492e+002	
1.770705e+002	1.438123e+002	1.387048e+002	
2.268079e+002	1.828637e+002	1.760623e+002	
3.546983e+002	2.869428e+002	2.764326e+002	
6.587143e+002	5.710151e+002	5.573794e+002	
2.212654e+002	1.819785e+002	1.760145e+002	
2.890147e+002	2.414844e+002	2.342744e+002	
3.631619e+002	3.055689e+002	2.967835e+002	
4.565150e+002	3.874447e+002	3.768813e+002	
5.871818e+002	5.059435e+002	4.934265e+002	
7.210829e+002	6.446934e+002	6.329183e+002	
5.932323e+002	5.126765e+002	5.004337e+002	
4.642035e+002	3.830655e+002	3.707816e+002	
3.735231e+002	3.038722e+002	2.933579e+002	
2.828724e+002	2.228788e+002	2.138620e+002	
2.310439e+002	1.835505e+002	1.764544e+002	
1.977793e+002	1.615123e+002	1.560773e+002	
5.496797e+002	4.588732e+002	4.450063e+002	
3.950913e+002	3.195736e+002	3.080638e+002	
3.057787e+002	2.430618e+002	2.335740e+002	
2.532714e+002	2.019698e+002	1.942256e+002	
2.084750e+002	1.685386e+002	1.625225e+002	
1.636576e+002	1.297316e+002	1.246396e+002	
1.350143e+002	1.034696e+002	9.858022e+001	
1.914115e+002	1.486029e+002	1.419507e+002	
2.604517e+002	2.040847e+002	1.953153e+002	
3.617657e+002	2.865415e+002	2.748294e+002	
5.412704e+002	4.545870e+002	4.410794e+002	
7.003625e+002	6.237566e+002	6.118198e+002	
3.545549e+002	2.453021e+002	2.282610e+002	
1.941985e+002	1.190676e+002	1.073488e+002	
1.351692e+002	7.995309e+001	7.134053e+001	
9.628110e+001	5.411810e+001	4.754158e+001	
6.976141e+001	3.686137e+001	3.172965e+001	
5.332622e+001	2.934259e+001	2.560164e+001	
7.734048e+001	4.764600e+001	4.302506e+001	
1.000154e+002	5.756961e+001	5.095565e+001	
1.547832e+002	1.005213e+002	9.206443e+001	
2.465539e+002	1.726654e+002	1.611582e+002	
4.175923e+002	3.237953e+002	3.091888e+002	
6.439161e+002	5.464617e+002	5.312681e+002	
4.536628e+002	3.599231e+002	3.454145e+002	
2.882551e+002	2.272093e+002	2.177606e+002	
2.057363e+002	1.630863e+002	1.564855e+002	
1.673310e+002	1.369628e+002	1.322771e+002	
1.389605e+002	1.172173e+002	1.138803e+002	
1.194700e+002	1.025880e+002	9.999142e+001	
1.695940e+002	1.297079e+002	1.234975e+002	
2.210096e+002	1.685366e+002	1.603630e+002	
2.719591e+002	2.073904e+002	1.973405e+002	
3.601598e+002	2.822765e+002	2.701490e+002	
5.399650e+002	4.523494e+002	4.386963e+002	
6.993554e+002	6.204369e+002	6.081348e+002	
1.800989e+002	1.440441e+002	1.385290e+002	
2.107210e+002	1.588028e+002	1.508892e+002	
2.676691e+002	2.011229e+002	1.909486e+002	
3.466550e+002	2.612651e+002	2.481816e+002	
5.363477e+002	4.380809e+002	4.230347e+002	
7.170313e+002	6.342355e+002	6.216292e+002	
3.793511e+002	2.752494e+002	2.591893e+002	
2.161676e+002	1.446883e+002	1.337448e+002	
1.601581e+002	1.093504e+002	1.016038e+002	
1.172402e+002	7.821933e+001	7.230927e+001	
8.981927e+001	5.978775e+001	5.525984e+001	
7.302357e+001	5.016529e+001	4.672206e+001	
5.738151e+001	3.003703e+001	2.588997e+001	
8.860460e+001	4.771462e+001	4.149391e+001	
1.373479e+002	8.314360e+001	7.486996e+001	
2.235664e+002	1.498994e+002	1.386508e+002	
4.001871e+002	3.078870e+002	2.937249e+002	
6.555317e+002	5.601887e+002	5.455372e+002	
4.378351e+002	3.270703e+002	3.098951e+002	
2.296342e+002	1.573488e+002	1.461474e+002	
1.389127e+002	8.859172e+001	8.080362e+001	
8.625207e+001	4.834435e+001	4.248263e+001	
5.915814e+001	3.165693e+001	2.740371e+001	
4.838757e+001	2.856008e+001	2.548745e+001	
1.198458e+002	7.807308e+001	7.173550e+001	
1.743764e+002	1.154369e+002	1.065068e+002	
2.442835e+002	1.693832e+002	1.580056e+002	
3.589704e+002	2.692461e+002	2.555747e+002	
5.492145e+002	4.524503e+002	4.377201e+002	
7.191919e+002	6.347960e+002	6.219557e+002	
5.788804e+002	4.997402e+002	4.876479e+002	
3.977760e+002	3.180179e+002	3.058860e+002	
3.015341e+002	2.313124e+002	2.206773e+002	
2.328315e+002	1.741802e+002	1.653195e+002	
1.800108e+002	1.336131e+002	1.266106e+002	
1.626732e+002	1.266947e+002	1.212955e+002	
4.841878e+002	3.982226e+002	3.849958e+002	
3.030379e+002	2.303468e+002	2.192174e+002	
2.207518e+002	1.617183e+002	1.527374e+002	
1.721238e+002	1.249459e+002	1.178061e+002	
1.304971e+002	9.239758e+001	8.663927e+001	
1.077211e+002	7.724582e+001	7.265891e+001	
4.347577e+002	3.396725e+002	3.249469e+002	
2.571517e+002	1.997454e+002	1.908822e+002	
1.933284e+002	1.535693e+002	1.474734e+002	
1.444904e+002	1.139444e+002	1.092785e+002	
1.099425e+002	8.678959e+001	8.325323e+001	
9.742815e+001	7.966785e+001	7.696140e+001	
5.155938e+002	4.292204e+002	4.160382e+002	
3.641739e+002	2.869494e+002	2.752133e+002	
2.776568e+002	2.134298e+002	2.037142e+002	
2.191385e+002	1.645172e+002	1.562685e+002	
1.750304e+002	1.306813e+002	1.240406e+002	
1.419507e+002	1.063196e+002	1.009770e+002	
4.546924e+002	3.404507e+002	3.228185e+002	
2.153235e+002	1.275130e+002	1.139732e+002	
1.310826e+002	6.458604e+001	5.433419e+001	
9.133157e+001	4.041470e+001	3.257621e+001	
6.602261e+001	2.771061e+001	2.182596e+001	
4.110907e+001	1.576184e+001	1.188761e+001	
1.824499e+002	1.266479e+002	1.179799e+002	
1.287461e+002	7.759663e+001	6.965929e+001	
8.355705e+001	4.676149e+001	4.105627e+001	
4.610475e+001	2.452302e+001	2.118577e+001	
4.029503e+001	2.159222e+001	1.869540e+001	
2.138155e+001	1.202011e+001	1.057463e+001	
2.259345e+002	1.792779e+002	1.722530e+002	
2.910778e+002	2.298465e+002	2.205998e+002	
3.686677e+002	2.933387e+002	2.819332e+002	
4.857622e+002	4.049477e+002	3.926816e+002	
6.334302e+002	5.538882e+002	5.418355e+002	
7.292178e+002	6.597198e+002	6.491539e+002	
6.207480e+002	5.605750e+002	5.513214e+002	
5.234369e+002	4.534185e+002	4.426584e+002	
4.289834e+002	3.614885e+002	3.511139e+002	
3.515960e+002	2.905560e+002	2.811866e+002	
2.936409e+002	2.453759e+002	2.379689e+002	
2.645739e+002	2.263780e+002	2.205291e+002	
6.239606e+002	5.605801e+002	5.508798e+002	
5.298568e+002	4.596631e+002	4.489213e+002	
4.393999e+002	3.689049e+002	3.581228e+002	
3.727013e+002	3.126737e+002	3.035245e+002	
3.014454e+002	2.512823e+002	2.436136e+002	
2.784423e+002	2.390437e+002	2.330429e+002	
6.293239e+002	5.660118e+002	5.563454e+002	
5.389305e+002	4.677992e+002	4.569456e+002	
4.485219e+002	3.788011e+002	3.681664e+002	
3.770335e+002	3.147765e+002	3.053210e+002	
3.164932e+002	2.674663e+002	2.600221e+002	
2.948795e+002	2.553750e+002	2.493818e+002	
1.870067e+002	1.464682e+002	1.402598e+002	
3.650807e+002	3.073357e+002	2.984549e+002	
5.436984e+002	4.201931e+002	4.009694e+002	
6.630582e+002	5.160596e+002	4.931522e+002	
7.392034e+002	6.112947e+002	5.913543e+002	
7.668965e+002	6.571570e+002	6.400421e+002	
4.565956e+002	3.240273e+002	3.033653e+002	
3.251042e+002	2.007850e+002	1.813957e+002	
2.603811e+002	1.505800e+002	1.334807e+002	
1.930875e+002	1.194914e+002	1.080793e+002	
1.305247e+002	8.264094e+001	7.524247e+001	
8.753558e+001	5.933810e+001	5.500016e+001	
1.870402e+002	1.576872e+002	1.532355e+002	
3.113320e+002	2.608222e+002	2.530786e+002	
4.470340e+002	3.509838e+002	3.360941e+002	
5.345667e+002	4.028904e+002	3.824353e+002	
6.001367e+002	4.644902e+002	4.433766e+002	
7.408452e+002	6.162620e+002	5.968453e+002	
5.321180e+002	4.126727e+002	3.942273e+002	
3.865215e+002	2.746993e+002	2.574182e+002	
3.098321e+002	2.108248e+002	1.955429e+002	
2.323967e+002	1.576307e+002	1.460611e+002	
1.571376e+002	1.071000e+002	9.937185e+001	
9.888918e+001	6.689749e+001	6.196446e+001	
1.890110e+002	1.508722e+002	1.451108e+002	
4.068224e+002	3.527813e+002	3.445916e+002	
6.126253e+002	4.728907e+002	4.511754e+002	
7.177808e+002	5.591050e+002	5.343701e+002	
7.615244e+002	6.285001e+002	6.077530e+002	
8.122122e+002	6.703337e+002	6.482056e+002	
6.641661e+002	5.866546e+002	5.745659e+002	
5.458979e+002	4.627335e+002	4.497670e+002	
4.448820e+002	3.642650e+002	3.516993e+002	
3.542900e+002	2.867410e+002	2.762238e+002	
2.776299e+002	2.225376e+002	2.139642e+002	
2.236998e+002	1.808806e+002	1.742273e+002	
6.714084e+002	5.948259e+002	5.828860e+002	
5.789527e+002	4.990467e+002	4.865976e+002	
4.948024e+002	4.097072e+002	3.964507e+002	
3.885787e+002	3.229512e+002	3.127574e+002	
2.920128e+002	2.386567e+002	2.303962e+002	
2.306081e+002	1.873104e+002	1.805876e+002	
6.714790e+001	2.399055e+001	1.725892e+001	
9.061189e+001	3.235033e+001	2.326275e+001	
1.163212e+002	4.370834e+001	3.238227e+001	
1.627341e+002	7.389297e+001	6.003566e+001	
2.924900e+002	1.799834e+002	1.624348e+002	
6.420351e+002	5.269001e+002	5.089414e+002	
4.309143e+002	3.376554e+002	3.231406e+002	
2.686105e+002	2.033640e+002	1.932012e+002	
1.886539e+002	1.334254e+002	1.248241e+002	
1.542514e+002	1.084896e+002	1.013671e+002	
1.173833e+002	8.130339e+001	7.568532e+001	
9.413570e+001	6.615704e+001	6.179750e+001	
5.282817e+002	4.471794e+002	4.345598e+002	
3.908160e+002	3.260610e+002	3.159909e+002	
3.279891e+002	2.707954e+002	2.619019e+002	
2.723589e+002	2.263418e+002	2.191886e+002	
2.111646e+002	1.733249e+002	1.674523e+002	
1.959845e+002	1.660468e+002	1.613975e+002	
4.854583e+002	3.884494e+002	3.733848e+002	
3.537092e+002	2.847787e+002	2.740932e+002	
2.980518e+002	2.419539e+002	2.332667e+002	
2.471883e+002	2.053462e+002	1.988657e+002	
2.053654e+002	1.721255e+002	1.669846e+002	
1.713667e+002	1.448964e+002	1.408057e+002	
1.927280e+002	1.643125e+002	1.599464e+002	
2.289343e+002	1.869582e+002	1.805282e+002	
2.812355e+002	2.213286e+002	2.121084e+002	
3.442280e+002	2.639989e+002	2.516677e+002	
4.714129e+002	3.729341e+002	3.577455e+002	
6.703477e+002	5.585815e+002	5.412686e+002	
4.393872e+002	3.004046e+002	2.790449e+002	
2.244377e+002	1.102462e+002	9.266335e+001	
1.609649e+002	6.695927e+001	5.253168e+001	
1.256790e+002	5.200457e+001	4.064520e+001	
9.197282e+001	3.342854e+001	2.440538e+001	
6.146672e+001	2.112805e+001	1.492646e+001	
3.117306e+002	2.717739e+002	2.656502e+002	
3.887611e+002	3.321203e+002	3.234267e+002	
4.721940e+002	3.968287e+002	3.852507e+002	
5.637349e+002	4.678153e+002	4.530738e+002	
6.624407e+002	5.661837e+002	5.513615e+002	
7.429778e+002	6.516814e+002	6.376069e+002	
6.520399e+002	5.811450e+002	5.700864e+002	
5.209995e+002	4.425060e+002	4.302625e+002	
4.129404e+002	3.356148e+002	3.235536e+002	
3.280543e+002	2.600538e+002	2.494472e+002	
2.698691e+002	2.180469e+002	2.099637e+002	
2.323125e+002	1.922874e+002	1.860443e+002	
6.737140e+002	5.987916e+002	5.871051e+002	
5.434888e+002	4.588156e+002	4.456086e+002	
4.039653e+002	3.170087e+002	3.034456e+002	
3.228635e+002	2.478757e+002	2.361792e+002	
2.528110e+002	1.950986e+002	1.860966e+002	
2.117291e+002	1.670595e+002	1.600920e+002	
6.732791e+002	5.971162e+002	5.852371e+002	
5.583309e+002	4.753550e+002	4.624123e+002	
4.223755e+002	3.364396e+002	3.230352e+002	
3.241040e+002	2.484797e+002	2.366840e+002	
2.531772e+002	1.935500e+002	1.842494e+002	
2.166962e+002	1.698787e+002	1.625763e+002	
2.856724e+002	2.260565e+002	2.171298e+002	
3.643919e+002	2.944869e+002	2.836889e+002	
6.391030e+002	4.969504e+002	4.749636e+002	
7.103942e+002	5.811678e+002	5.611797e+002	
7.632254e+002	6.521296e+002	6.349351e+002	
8.153356e+002	6.966545e+002	6.782859e+002	
4.447004e+002	2.967083e+002	2.736984e+002	
3.592963e+002	2.077632e+002	1.841783e+002	
3.362047e+002	1.798038e+002	1.554822e+002	
0.000000e+000	0.000000e+000	0.000000e+000	
0.000000e+000	0.000000e+000	0.000000e+000	
0.000000e+000	0.000000e+000	0.000000e+000	
0.000000e+000	0.000000e+000	0.000000e+000	
0.000000e+000	0.000000e+000	0.000000e+000	
5.360367e+002	3.823528e+002	3.585657e+002	
5.488229e+002	4.134153e+002	3.924510e+002	
5.764414e+002	4.502166e+002	4.307068e+002	
7.122822e+002	5.942563e+002	5.760291e+002	
4.871802e+002	3.667679e+002	3.481318e+002	
3.675822e+002	2.580962e+002	2.411578e+002	
3.449329e+002	2.323345e+002	2.148901e+002	
0.000000e+000	0.000000e+000	0.000000e+000	
0.000000e+000	0.000000e+000	0.000000e+000	
0.000000e+000	0.000000e+000	0.000000e+000	
0.000000e+000	0.000000e+000	0.000000e+000	
0.000000e+000	0.000000e+000	0.000000e+000	
7.593075e+002	5.343868e+002	4.994740e+002	
7.651272e+002	5.924708e+002	5.657429e+002	
7.817979e+002	6.514857e+002	6.313133e+002	
8.004661e+002	6.873247e+002	6.698180e+002	
6.244358e+002	5.104295e+002	4.926831e+002	
4.631781e+002	3.329672e+002	3.127078e+002	
3.875342e+002	2.419955e+002	2.193550e+002	
2.094696e+002	1.579474e+002	1.499192e+002	
8.356821e+001	5.713670e+001	5.302215e+001	
5.770898e+001	3.973280e+001	3.693824e+001	
5.243976e+002	4.124651e+002	3.950397e+002	
3.624067e+002	2.526895e+002	2.356091e+002	
2.865346e+002	1.847927e+002	1.689674e+002	
1.852034e+002	1.297710e+002	1.211549e+002	
1.077914e+002	7.702228e+001	7.223153e+001	
7.213146e+001	5.196511e+001	4.882928e+001	
4.835253e+002	3.531278e+002	3.329100e+002	
3.428049e+002	2.452905e+002	2.302096e+002	
2.843795e+002	2.098261e+002	1.983009e+002	
1.988372e+002	1.665166e+002	1.615902e+002	
1.087194e+002	9.552817e+001	9.348096e+001	
5.489091e+001	4.825769e+001	4.722915e+001	
5.851642e+002	4.513689e+002	4.307295e+002	
4.687187e+002	3.327643e+002	3.117715e+002	
4.035241e+002	2.773664e+002	2.578824e+002	
2.628299e+002	2.116048e+002	2.037354e+002	
1.292745e+002	1.032839e+002	9.927076e+001	
7.723100e+001	5.970410e+001	5.699289e+001	
4.791609e+002	3.548849e+002	3.358065e+002	
2.544316e+002	1.500914e+002	1.340763e+002	
1.882361e+002	1.018268e+002	8.856283e+001	
1.368018e+002	7.651170e+001	6.719354e+001	
6.881212e+001	3.608525e+001	3.101057e+001	
3.515210e+001	1.899771e+001	1.649821e+001	
2.056822e+002	1.380903e+002	1.275913e+002	
1.460857e+002	8.737521e+001	7.824688e+001	
1.147641e+002	6.440235e+001	5.660167e+001	
7.903215e+001	4.365639e+001	3.817228e+001	
4.575551e+001	2.686466e+001	2.393069e+001	
2.629543e+001	1.493706e+001	1.316681e+001	
1.309910e+002	7.571300e+001	6.715800e+001	
3.543145e+002	2.888532e+002	2.787296e+002	
6.299176e+002	4.654544e+002	4.399423e+002	
7.058188e+002	5.363405e+002	5.100798e+002	
7.560920e+002	6.151464e+002	5.933376e+002	
8.020833e+002	6.842838e+002	6.660829e+002	
6.181611e+002	5.822346e+002	5.766329e+002	
5.788456e+002	5.381383e+002	5.317903e+002	
5.362961e+002	4.939492e+002	4.873491e+002	
5.138115e+002	4.774373e+002	4.717651e+002	
4.958651e+002	4.642925e+002	4.593698e+002	
4.735951e+002	4.466731e+002	4.424753e+002	
6.172532e+002	5.704551e+002	5.631555e+002	
5.599411e+002	5.037049e+002	4.949375e+002	
5.201242e+002	4.644634e+002	4.557852e+002	
4.835919e+002	4.352673e+002	4.277360e+002	
4.420359e+002	4.034172e+002	3.973965e+002	
4.299311e+002	3.988365e+002	3.939880e+002	
6.240999e+002	5.613521e+002	5.515673e+002	
5.560436e+002	4.799126e+002	4.680468e+002	
4.969812e+002	4.210854e+002	4.092589e+002	
4.506772e+002	3.832350e+002	3.727372e+002	
3.959192e+002	3.427485e+002	3.344671e+002	
3.671013e+002	3.277940e+002	3.216704e+002	
6.507836e+002	6.502624e+002	6.501812e+002	
6.407220e+002	6.405245e+002	6.404937e+002	
6.415075e+002	6.413107e+002	6.412800e+002	
6.329541e+002	6.329541e+002	6.329541e+002	
6.397877e+002	6.396335e+002	6.396095e+002	
6.426496e+002	6.422640e+002	6.422038e+002	
4.181424e+002	3.172401e+002	3.015016e+002	
3.103365e+002	2.127809e+002	1.975641e+002	
2.827917e+002	1.881386e+002	1.733746e+002	
2.745041e+002	1.817127e+002	1.672392e+002	
2.676468e+002	1.779339e+002	1.639407e+002	
2.421213e+002	1.748940e+002	1.644079e+002	
4.794804e+002	4.474557e+002	4.425124e+002	
4.885778e+002	4.534322e+002	4.479921e+002	
4.859230e+002	4.503269e+002	4.448122e+002	
4.904141e+002	4.526066e+002	4.467525e+002	
5.216676e+002	4.762766e+002	4.692299e+002	
6.328673e+002	5.899922e+002	5.833156e+002	
5.111666e+002	4.203979e+002	4.063167e+002	
4.111403e+002	3.284325e+002	3.156255e+002	
3.894925e+002	3.101968e+002	2.979208e+002	
3.834798e+002	3.062923e+002	2.943328e+002	
3.864308e+002	3.109198e+002	2.992226e+002	
3.619622e+002	3.061203e+002	2.974774e+002	
6.375645e+002	6.373829e+002	6.373546e+002	
6.434360e+002	6.431528e+002	6.431086e+002	
6.384614e+002	6.378713e+002	6.377793e+002	
6.429980e+002	6.427940e+002	6.427622e+002	
6.475739e+002	6.473876e+002	6.473586e+002	
6.371237e+002	6.369395e+002	6.369108e+002	
6.256875e+002	5.606126e+002	5.504625e+002	
5.098526e+002	4.338469e+002	4.219918e+002	
4.293785e+002	3.529400e+002	3.410174e+002	
3.714710e+002	3.024613e+002	2.916973e+002	
3.203869e+002	2.617150e+002	2.525633e+002	
2.974353e+002	2.522084e+002	2.451539e+002	
6.362592e+002	5.830094e+002	5.747037e+002	
5.396129e+002	4.782183e+002	4.686420e+002	
4.644861e+002	4.019705e+002	3.922194e+002	
4.078001e+002	3.492132e+002	3.400750e+002	
3.600191e+002	3.109041e+002	3.032431e+002	
3.343141e+002	2.957127e+002	2.896916e+002	
8.672009e+001	2.661358e+001	1.723823e+001	
1.061001e+002	3.433691e+001	2.314341e+001	
1.258102e+002	4.688828e+001	3.457813e+001	
1.639768e+002	7.274770e+001	5.851789e+001	
2.835620e+002	1.710153e+002	1.534604e+002	
6.317169e+002	5.156899e+002	4.975922e+002	
4.307258e+002	3.285030e+002	3.125911e+002	
2.511521e+002	1.723782e+002	1.601047e+002	
1.856246e+002	1.146856e+002	1.036379e+002	
1.523210e+002	8.856448e+001	7.864114e+001	
1.177794e+002	6.696896e+001	5.905357e+001	
9.467296e+001	5.506010e+001	4.888790e+001	
5.054414e+002	4.580962e+002	4.507460e+002	
3.944506e+002	3.566123e+002	3.507518e+002	
3.568880e+002	3.232984e+002	3.180963e+002	
3.406003e+002	3.109374e+002	3.063667e+002	
3.238449e+002	2.991085e+002	2.952924e+002	
3.150240e+002	2.953704e+002	2.923380e+002	
3.579603e+002	2.703197e+002	2.567560e+002	
2.252494e+002	1.743153e+002	1.664147e+002	
1.776065e+002	1.364240e+002	1.300392e+002	
1.547720e+002	1.199574e+002	1.145577e+002	
1.390493e+002	1.124059e+002	1.082817e+002	
1.257303e+002	1.042500e+002	1.009360e+002	
2.762921e+002	2.514476e+002	2.477331e+002	
2.828338e+002	2.520353e+002	2.474015e+002	
2.930508e+002	2.566736e+002	2.511883e+002	
3.330843e+002	2.895826e+002	2.829693e+002	
4.352834e+002	3.744396e+002	3.650904e+002	
6.216987e+002	5.474536e+002	5.360010e+002	
4.282992e+002	2.929344e+002	2.719996e+002	
2.330611e+002	1.169165e+002	9.902116e+001	
1.721339e+002	7.054585e+001	5.490047e+001	
1.565269e+002	6.319674e+001	4.881358e+001	
1.469578e+002	5.954795e+001	4.606752e+001	
1.137460e+002	4.707732e+001	3.679712e+001	
4.642164e+002	4.414049e+002	4.380033e+002	
4.865793e+002	4.553578e+002	4.506822e+002	
4.987054e+002	4.617603e+002	4.562195e+002	
5.409431e+002	5.003653e+002	4.942589e+002	
6.045299e+002	5.627010e+002	5.563781e+002	
6.694253e+002	6.359084e+002	6.308110e+002	
6.684520e+002	5.955508e+002	5.842042e+002	
5.560704e+002	4.708949e+002	4.576218e+002	
4.442552e+002	3.598084e+002	3.466598e+002	
3.614695e+002	2.884868e+002	2.771133e+002	
2.977104e+002	2.414181e+002	2.326587e+002	
2.679633e+002	2.243941e+002	2.176234e+002	
6.533858e+002	5.696653e+002	5.566218e+002	
5.427634e+002	4.506709e+002	4.363247e+002	
4.434754e+002	3.518452e+002	3.375716e+002	
3.633562e+002	2.842852e+002	2.719685e+002	
2.867388e+002	2.245671e+002	2.148844e+002	
2.488557e+002	2.017731e+002	1.944454e+002	
6.385377e+002	5.536444e+002	5.404030e+002	
5.128964e+002	4.135963e+002	3.981077e+002	
4.150686e+002	3.200718e+002	3.052544e+002	
3.385898e+002	2.545895e+002	2.414873e+002	
2.733433e+002	2.060271e+002	1.955272e+002	
2.331258e+002	1.823358e+002	1.744137e+002	
1.596404e+002	1.235702e+002	1.180700e+002	
2.554401e+002	2.031416e+002	1.951699e+002	
3.510782e+002	2.719541e+002	2.597919e+002	
4.469667e+002	3.387702e+002	3.221043e+002	
5.959684e+002	4.742600e+002	4.554554e+002	
7.542993e+002	6.508464e+002	6.348514e+002	
3.591733e+002	2.624402e+002	2.473518e+002	
1.956694e+002	1.327173e+002	1.228982e+002	
1.584895e+002	1.149724e+002	1.081847e+002	
1.315312e+002	9.934738e+001	9.432744e+001	
1.189108e+002	9.536413e+001	9.169134e+001	
1.048015e+002	8.973450e+001	8.738440e+001	
6.336164e+001	2.721382e+001	2.159160e+001	
9.061416e+001	4.029925e+001	3.245958e+001	
1.308652e+002	6.729996e+001	5.740131e+001	
2.031250e+002	1.204955e+002	1.076181e+002	
3.723227e+002	2.656157e+002	2.489768e+002	
6.670789e+002	5.603717e+002	5.437404e+002	
4.532266e+002	3.387978e+002	3.210008e+002	
2.657454e+002	1.924499e+002	1.810463e+002	
2.081009e+002	1.567431e+002	1.487672e+002	
1.636558e+002	1.304866e+002	1.253369e+002	
1.260750e+002	1.012505e+002	9.739584e+001	
9.395959e+001	7.608497e+001	7.331260e+001	
1.558692e+002	1.177382e+002	1.118007e+002	
1.972534e+002	1.437863e+002	1.354625e+002	
2.443078e+002	1.719227e+002	1.606368e+002	
3.344828e+002	2.373870e+002	2.222451e+002	
5.034186e+002	3.853292e+002	3.669119e+002	
7.270217e+002	6.273250e+002	6.117796e+002	
5.584881e+002	5.093536e+002	5.016896e+002	
4.119057e+002	3.656035e+002	3.583814e+002	
3.391632e+002	2.990754e+002	2.928224e+002	
3.164562e+002	2.848744e+002	2.799483e+002	
2.957736e+002	2.717307e+002	2.679807e+002	
2.897237e+002	2.730662e+002	2.704682e+002	
4.701190e+002	4.088462e+002	3.992891e+002	
3.180435e+002	2.718590e+002	2.646552e+002	
2.655010e+002	2.315583e+002	2.262638e+002	
2.349353e+002	2.080814e+002	2.038929e+002	
2.301517e+002	2.079079e+002	2.044383e+002	
2.162954e+002	1.976976e+002	1.947966e+002	
4.363234e+002	3.328220e+002	3.167026e+002	
2.505718e+002	1.844227e+002	1.741222e+002	
1.751685e+002	1.252058e+002	1.174365e+002	
1.294689e+002	8.841295e+001	8.202722e+001	
9.220713e+001	6.148890e+001	5.670853e+001	
8.086334e+001	5.650074e+001	5.271143e+001	
5.015074e+002	4.309484e+002	4.200029e+002	
3.642469e+002	3.025116e+002	2.929442e+002	
3.065955e+002	2.559410e+002	2.480839e+002	
2.670361e+002	2.232460e+002	2.164662e+002	
2.446276e+002	2.090950e+002	2.035901e+002	
2.206380e+002	1.926952e+002	1.883560e+002	
4.601108e+002	3.422845e+002	3.240890e+002	
2.158242e+002	1.230324e+002	1.087191e+002	
1.349199e+002	6.210576e+001	5.086945e+001	
9.972095e+001	4.013846e+001	3.094361e+001	
7.658691e+001	2.927658e+001	2.197199e+001	
4.822291e+001	1.509681e+001	9.985229e+000	
1.816228e+002	1.220627e+002	1.127991e+002	
1.178839e+002	7.060279e+001	6.326460e+001	
7.090627e+001	3.487489e+001	2.928318e+001	
5.123347e+001	2.424631e+001	2.006521e+001	
3.474728e+001	1.486049e+001	1.177817e+001	
2.124225e+001	8.698160e+000	6.760365e+000	
2.759865e+002	2.268653e+002	2.192204e+002	
3.378660e+002	2.728402e+002	2.627248e+002	
4.007826e+002	3.275402e+002	3.161444e+002	
4.905332e+002	4.119295e+002	3.996976e+002	
6.241819e+002	5.526447e+002	5.415159e+002	
7.119461e+002	6.511905e+002	6.417338e+002	
5.929777e+002	5.925485e+002	5.924816e+002	
5.931172e+002	5.928932e+002	5.928583e+002	
5.870524e+002	5.864920e+002	5.864046e+002	
5.907702e+002	5.904234e+002	5.903693e+002	
6.009816e+002	6.008197e+002	6.007944e+002	
5.961971e+002	5.961971e+002	5.961971e+002	
5.950403e+002	5.948555e+002	5.948267e+002	
5.920023e+002	5.913854e+002	5.912892e+002	
5.918074e+002	5.909957e+002	5.908690e+002	
5.910311e+002	5.904042e+002	5.903063e+002	
5.913627e+002	5.910676e+002	5.910216e+002	
5.962651e+002	5.959160e+002	5.958615e+002	
5.888542e+002	5.882741e+002	5.881837e+002	
5.902932e+002	5.898799e+002	5.898155e+002	
5.894468e+002	5.883278e+002	5.881533e+002	
5.908501e+002	5.904426e+002	5.903791e+002	
5.899489e+002	5.883474e+002	5.880976e+002	
5.893215e+002	5.877217e+002	5.874722e+002	
6.424171e+002	6.410288e+002	6.408212e+002	
6.427178e+002	6.405964e+002	6.402789e+002	
6.434213e+002	6.415763e+002	6.412974e+002	
6.444431e+002	6.420865e+002	6.417313e+002	
6.442529e+002	6.419746e+002	6.416287e+002	
6.408115e+002	6.392941e+002	6.390668e+002	
4.226856e+002	3.215404e+002	3.057640e+002	
3.078634e+002	2.104867e+002	1.952978e+002	
2.814881e+002	1.875431e+002	1.728897e+002	
2.756849e+002	1.823315e+002	1.677705e+002	
2.699647e+002	1.801893e+002	1.661863e+002	
2.410775e+002	1.759860e+002	1.658332e+002	
4.843741e+002	4.531612e+002	4.483588e+002	
4.803462e+002	4.455609e+002	4.401711e+002	
4.844822e+002	4.489468e+002	4.434402e+002	
4.851915e+002	4.476416e+002	4.418335e+002	
5.144552e+002	4.680910e+002	4.608923e+002	
6.364025e+002	5.925148e+002	5.856907e+002	
5.061954e+002	4.160649e+002	4.020880e+002	
4.177733e+002	3.357729e+002	3.231108e+002	
3.904081e+002	3.123509e+002	3.002869e+002	
3.859392e+002	3.084720e+002	2.964701e+002	
3.786048e+002	3.041589e+002	2.926490e+002	
3.597405e+002	3.044668e+002	2.959108e+002	
6.328934e+002	6.300690e+002	6.296445e+002	
6.366459e+002	6.320721e+002	6.313896e+002	
6.436253e+002	6.394223e+002	6.387936e+002	
6.484626e+002	6.444172e+002	6.438098e+002	
6.429531e+002	6.390217e+002	6.384285e+002	
6.449801e+002	6.410363e+002	6.404413e+002	
6.519203e+002	5.685892e+002	5.559035e+002	
5.485919e+002	4.563134e+002	4.423012e+002	
4.827985e+002	3.894580e+002	3.753168e+002	
4.217425e+002	3.441252e+002	3.323918e+002	
3.677798e+002	3.032622e+002	2.935077e+002	
3.143704e+002	2.635183e+002	2.558450e+002	
6.187787e+002	5.287525e+002	5.150076e+002	
4.714727e+002	3.725511e+002	3.574860e+002	
4.065402e+002	3.114283e+002	2.969696e+002	
3.467186e+002	2.624741e+002	2.496901e+002	
2.998144e+002	2.300791e+002	2.194974e+002	
2.610455e+002	2.067312e+002	1.984853e+002	
7.607153e+001	2.768047e+001	2.013304e+001	
9.814459e+001	3.746284e+001	2.800027e+001	
1.194406e+002	4.941077e+001	3.849574e+001	
1.636285e+002	8.086308e+001	6.796185e+001	
2.824349e+002	1.728871e+002	1.558042e+002	
6.345641e+002	5.181440e+002	4.999876e+002	
4.251008e+002	3.234964e+002	3.078681e+002	
2.626487e+002	1.884363e+002	1.770938e+002	
1.938878e+002	1.291894e+002	1.193269e+002	
1.472494e+002	9.110724e+001	8.253346e+001	
1.202389e+002	7.408858e+001	6.705080e+001	
1.033457e+002	6.987119e+001	6.476008e+001	
5.174078e+002	4.527959e+002	4.430166e+002	
3.944324e+002	3.390739e+002	3.307538e+002	
3.517170e+002	2.978127e+002	2.897563e+002	
3.240901e+002	2.752039e+002	2.678810e+002	
2.927994e+002	2.538970e+002	2.480618e+002	
2.829923e+002	2.506341e+002	2.457796e+002	
3.735227e+002	2.714162e+002	2.557919e+002	
2.245625e+002	1.575537e+002	1.474254e+002	
1.765736e+002	1.185332e+002	1.097914e+002	
1.397460e+002	8.934718e+001	8.177595e+001	
1.142953e+002	7.280594e+001	6.655672e+001	
1.039660e+002	7.110186e+001	6.615668e+001	
2.712758e+002	2.481754e+002	2.446507e+002	
2.823667e+002	2.528862e+002	2.483774e+002	
2.975591e+002	2.627850e+002	2.574790e+002	
3.406749e+002	2.977013e+002	2.911208e+002	
4.288343e+002	3.669744e+002	3.574452e+002	
6.222715e+002	5.485549e+002	5.371643e+002	
4.269138e+002	2.936529e+002	2.730480e+002	
2.277149e+002	1.162788e+002	9.909654e+001	
1.681959e+002	7.137804e+001	5.646087e+001	
1.491748e+002	6.224515e+001	4.885620e+001	
1.318270e+002	5.198684e+001	3.965465e+001	
1.076755e+002	4.802676e+001	3.880634e+001	
4.360901e+002	3.990150e+002	3.934499e+002	
4.642952e+002	4.149655e+002	4.075779e+002	
4.928214e+002	4.349457e+002	4.262846e+002	
5.344769e+002	4.720568e+002	4.627162e+002	
6.089581e+002	5.508840e+002	5.421578e+002	
6.815051e+002	6.334064e+002	6.261785e+002	
7.459478e+002	6.183548e+002	5.987975e+002	
7.103756e+002	5.577943e+002	5.343832e+002	
6.404022e+002	4.869332e+002	4.633979e+002	
4.648700e+002	3.975665e+002	3.875290e+002	
2.708219e+002	2.207026e+002	2.132345e+002	
1.718537e+002	1.368994e+002	1.316373e+002	
7.214180e+002	5.990164e+002	5.803403e+002	
6.622271e+002	5.174529e+002	4.953644e+002	
5.937905e+002	4.531675e+002	4.317501e+002	
4.616042e+002	3.828429e+002	3.710464e+002	
2.805486e+002	2.187809e+002	2.095194e+002	
1.919844e+002	1.475739e+002	1.409081e+002	
7.101027e+002	5.896210e+002	5.712379e+002	
6.408776e+002	5.028653e+002	4.818810e+002	
5.667944e+002	4.348553e+002	4.148431e+002	
4.481012e+002	3.621416e+002	3.492879e+002	
2.887455e+002	2.220553e+002	2.120528e+002	
2.077486e+002	1.590013e+002	1.516597e+002	
7.703849e+002	6.422706e+002	6.225980e+002	
7.205647e+002	5.685332e+002	5.451617e+002	
6.371751e+002	4.894449e+002	4.667846e+002	
4.623025e+002	4.005320e+002	3.913114e+002	
2.621449e+002	2.204193e+002	2.141595e+002	
1.713699e+002	1.426664e+002	1.383337e+002	
1.720010e+002	1.321486e+002	1.260969e+002	
2.475141e+002	1.837756e+002	1.740746e+002	
3.015302e+002	2.171139e+002	2.042521e+002	
3.644353e+002	2.699118e+002	2.554304e+002	
4.584424e+002	3.530087e+002	3.368085e+002	
6.521648e+002	5.444901e+002	5.279252e+002	
6.004391e+002	4.733969e+002	4.537654e+002	
5.185070e+002	3.960299e+002	3.770985e+002	
4.488978e+002	3.397857e+002	3.229756e+002	
3.319653e+002	2.765366e+002	2.681611e+002	
2.084477e+002	1.708914e+002	1.652211e+002	
1.346935e+002	1.088888e+002	1.049927e+002	
1.020430e+002	5.985588e+001	5.335478e+001	
1.715361e+002	1.024718e+002	9.181759e+001	
2.290843e+002	1.256861e+002	1.097203e+002	
2.771969e+002	1.510702e+002	1.315653e+002	
3.487521e+002	2.053900e+002	1.832047e+002	
5.882781e+002	4.488540e+002	4.272891e+002	
7.438087e+002	6.254833e+002	6.073995e+002	
6.700203e+002	5.335142e+002	5.126476e+002	
5.779664e+002	4.512205e+002	4.318732e+002	
4.173026e+002	3.534229e+002	3.439579e+002	
2.612754e+002	2.178386e+002	2.114380e+002	
1.855981e+002	1.548575e+002	1.503130e+002	
2.555780e+002	2.112210e+002	2.045195e+002	
3.119798e+002	2.532150e+002	2.443056e+002	
3.897454e+002	3.197630e+002	3.091603e+002	
4.776321e+002	3.989110e+002	3.869706e+002	
6.049582e+002	5.241940e+002	5.118925e+002	
7.057646e+002	6.337954e+002	6.228738e+002	
2.250890e+002	1.874974e+002	1.817713e+002	
2.692818e+002	2.212744e+002	2.139668e+002	
3.288466e+002	2.710845e+002	2.622681e+002	
4.156066e+002	3.471827e+002	3.367199e+002	
5.445524e+002	4.604469e+002	4.475348e+002	
6.823167e+002	5.986800e+002	5.858177e+002	
1.985603e+002	1.602650e+002	1.544888e+002	
2.466563e+002	1.968785e+002	1.893729e+002	
3.229753e+002	2.608811e+002	2.514976e+002	
4.120553e+002	3.406460e+002	3.298165e+002	
5.433842e+002	4.541649e+002	4.405682e+002	
7.605292e+002	6.728718e+002	6.594503e+002	
8.611174e+001	7.074283e+001	6.839907e+001	
1.106207e+002	8.931224e+001	8.605254e+001	
1.213298e+002	9.467382e+001	9.055906e+001	
1.470464e+002	1.093017e+002	1.034837e+002	
2.003102e+002	1.432905e+002	1.344793e+002	
4.820038e+002	3.813965e+002	3.657681e+002	
8.284088e+001	3.860975e+001	3.178664e+001	
1.171076e+002	5.273997e+001	4.282891e+001	
1.532708e+002	7.034998e+001	5.754876e+001	
1.989763e+002	9.352798e+001	7.724785e+001	
3.166721e+002	1.861588e+002	1.659807e+002	
6.317950e+002	5.006631e+002	4.804246e+002	
5.996641e+001	2.979685e+001	2.512540e+001	
6.623730e+001	3.337672e+001	2.829619e+001	
7.509627e+001	3.587014e+001	2.981521e+001	
9.923833e+001	5.414567e+001	4.716169e+001	
1.244141e+002	7.075399e+001	6.245611e+001	
1.452987e+002	9.338956e+001	8.535248e+001	
7.008256e+002	6.057625e+002	5.913068e+002	
5.992949e+002	4.958345e+002	4.800960e+002	
4.815843e+002	3.909866e+002	3.772491e+002	
3.916081e+002	3.240596e+002	3.139068e+002	
3.070908e+002	2.564019e+002	2.487969e+002	
2.630789e+002	2.226468e+002	2.166144e+002	
3.926989e+002	3.613696e+002	3.566733e+002	
4.313011e+002	3.901900e+002	3.840172e+002	
4.883256e+002	4.418831e+002	4.349544e+002	
5.567278e+002	5.071434e+002	4.997498e+002	
6.390626e+002	5.940121e+002	5.873112e+002	
6.817944e+002	6.436637e+002	6.379827e+002	
3.314017e+002	2.904272e+002	2.842944e+002	
3.831824e+002	3.290604e+002	3.209656e+002	
4.540439e+002	3.909937e+002	3.815861e+002	
5.403505e+002	4.743501e+002	4.645046e+002	
6.412283e+002	5.817632e+002	5.729323e+002	
6.956411e+002	6.437615e+002	6.360405e+002	
3.146500e+002	2.697442e+002	2.630187e+002	
3.666103e+002	3.080284e+002	2.992762e+002	
4.468952e+002	3.793715e+002	3.692852e+002	
5.409755e+002	4.690785e+002	4.583650e+002	
6.369046e+002	5.703452e+002	5.604168e+002	
6.969531e+002	6.396422e+002	6.310785e+002	
6.080703e+002	6.079737e+002	6.079586e+002	
6.105022e+002	6.105022e+002	6.105022e+002	
6.104653e+002	6.104653e+002	6.104653e+002	
6.127659e+002	6.127659e+002	6.127659e+002	
6.157287e+002	6.157287e+002	6.157287e+002	
6.091758e+002	6.091758e+002	6.091758e+002	
3.437239e+002	2.728262e+002	2.617675e+002	
3.564913e+002	2.789479e+002	2.668528e+002	
3.702157e+002	2.911776e+002	2.788495e+002	
3.777975e+002	2.963931e+002	2.836955e+002	
4.548110e+002	3.626864e+002	3.483170e+002	
6.301255e+002	5.463806e+002	5.333177e+002	
5.113489e+002	4.597093e+002	4.517323e+002	
4.345119e+002	3.943969e+002	3.881720e+002	
4.286599e+002	3.921841e+002	3.865331e+002	
4.281732e+002	3.926549e+002	3.871384e+002	
4.221700e+002	3.889850e+002	3.838394e+002	
4.201747e+002	3.961507e+002	3.924272e+002	
2.789918e+002	2.094027e+002	1.986249e+002	
2.870957e+002	2.103080e+002	1.984075e+002	
2.895650e+002	2.108387e+002	1.986485e+002	
2.973312e+002	2.171171e+002	2.046870e+002	
3.754594e+002	2.878278e+002	2.742714e+002	
6.170803e+002	5.397341e+002	5.277532e+002	
6.054277e+002	6.054277e+002	6.054277e+002	
6.130408e+002	6.130408e+002	6.130408e+002	
6.179495e+002	6.177076e+002	6.176699e+002	
6.128267e+002	6.128267e+002	6.128267e+002	
6.092513e+002	6.091308e+002	6.091119e+002	
6.106034e+002	6.106034e+002	6.106034e+002	
4.385591e+002	4.018239e+002	3.961685e+002	
4.732971e+002	4.238708e+002	4.162576e+002	
5.087248e+002	4.507641e+002	4.418365e+002	
5.635366e+002	5.027131e+002	4.933469e+002	
6.119852e+002	5.567339e+002	5.482198e+002	
6.679570e+002	6.223997e+002	6.153824e+002	
3.916224e+002	3.476201e+002	3.408235e+002	
4.289552e+002	3.719482e+002	3.631245e+002	
4.611024e+002	3.958293e+002	3.857300e+002	
5.174467e+002	4.495523e+002	4.390560e+002	
5.986639e+002	5.306594e+002	5.201418e+002	
6.656750e+002	6.202733e+002	6.132800e+002	
3.681613e+002	2.238903e+002	2.013942e+002	
2.092481e+002	8.254161e+001	6.278653e+001	
1.681409e+002	5.522239e+001	3.761364e+001	
1.430785e+002	3.991763e+001	2.383053e+001	
1.227678e+002	2.886125e+001	1.422041e+001	
9.154848e+001	2.484898e+001	1.444634e+001	
1.047433e+002	5.977781e+001	5.282540e+001	
1.395952e+002	8.570836e+001	7.737508e+001	
1.777605e+002	1.144807e+002	1.046888e+002	
2.222429e+002	1.532663e+002	1.425955e+002	
3.207346e+002	2.393908e+002	2.267861e+002	
5.370225e+002	4.328561e+002	4.166686e+002	
4.272387e+002	4.131846e+002	4.110432e+002	
4.483173e+002	4.288244e+002	4.258384e+002	
4.691689e+002	4.457058e+002	4.421159e+002	
5.003639e+002	4.729836e+002	4.687905e+002	
5.806808e+002	5.446037e+002	5.390501e+002	
6.894530e+002	6.511013e+002	6.451879e+002	
3.879637e+002	3.712954e+002	3.687223e+002	
3.824366e+002	3.624632e+002	3.593903e+002	
3.905458e+002	3.667593e+002	3.631169e+002	
4.072549e+002	3.787196e+002	3.743507e+002	
4.541512e+002	4.144027e+002	4.082744e+002	
6.377080e+002	5.828835e+002	5.743832e+002	
4.257594e+002	3.563851e+002	3.457283e+002	
3.368105e+002	2.823271e+002	2.740026e+002	
3.025927e+002	2.562075e+002	2.491237e+002	
2.857005e+002	2.445072e+002	2.382174e+002	
2.720689e+002	2.366232e+002	2.311694e+002	
2.655329e+002	2.399743e+002	2.360373e+002	
1.495864e+002	4.952604e+001	3.399947e+001	
1.656402e+002	5.179286e+001	3.414533e+001	
1.887716e+002	6.639734e+001	4.748040e+001	
2.167662e+002	8.680840e+001	6.671310e+001	
3.036851e+002	1.617948e+002	1.398522e+002	
5.829877e+002	4.494843e+002	4.288700e+002	
6.171530e+002	5.751887e+002	5.688545e+002	
5.512429e+002	5.048228e+002	4.978481e+002	
5.125751e+002	4.671925e+002	4.603578e+002	
4.789843e+002	4.395563e+002	4.335943e+002	
4.703602e+002	4.404302e+002	4.358932e+002	
4.488695e+002	4.270272e+002	4.237173e+002	
1.653653e+002	1.340260e+002	1.292616e+002	
2.123336e+002	1.653183e+002	1.581658e+002	
2.728658e+002	2.133759e+002	2.042808e+002	
3.696405e+002	2.929803e+002	2.812714e+002	
5.278156e+002	4.363372e+002	4.223200e+002	
6.817130e+002	6.035651e+002	5.916073e+002	
1.381350e+002	1.039124e+002	9.868888e+001	
1.877280e+002	1.336632e+002	1.254260e+002	
2.437062e+002	1.643368e+002	1.521979e+002	
3.463152e+002	2.456005e+002	2.302256e+002	
5.148020e+002	4.007878e+002	3.833509e+002	
7.021857e+002	6.033207e+002	5.882734e+002	
1.790176e+002	1.366657e+002	1.302470e+002	
2.490891e+002	1.879769e+002	1.787281e+002	
3.205097e+002	2.238688e+002	2.091293e+002	
4.199400e+002	3.017690e+002	2.837065e+002	
5.653318e+002	4.457178e+002	4.274975e+002	
7.099347e+002	6.112318e+002	5.962160e+002	
3.141608e+002	2.655705e+002	2.582145e+002	
4.049786e+002	3.409086e+002	3.311060e+002	
4.866899e+002	3.982346e+002	3.845467e+002	
5.884514e+002	4.833595e+002	4.670492e+002	
6.711483e+002	5.554425e+002	5.374622e+002	
7.554406e+002	6.419302e+002	6.242766e+002	
3.406642e+002	2.948188e+002	2.878511e+002	
4.350923e+002	3.764363e+002	3.674655e+002	
5.247455e+002	4.440188e+002	4.315659e+002	
6.244705e+002	5.322866e+002	5.180080e+002	
7.014277e+002	6.065721e+002	5.918296e+002	
7.462545e+002	6.522205e+002	6.376158e+002	
6.245901e+002	5.100942e+002	4.929039e+002	
5.098735e+002	3.931746e+002	3.754880e+002	
4.151204e+002	3.058887e+002	2.892583e+002	
3.241096e+002	2.289619e+002	2.143748e+002	
2.546436e+002	1.813423e+002	1.700631e+002	
1.949006e+002	1.395419e+002	1.309929e+002	
6.484174e+002	5.548753e+002	5.406619e+002	
5.410459e+002	4.393707e+002	4.238625e+002	
4.394195e+002	3.397708e+002	3.245089e+002	
3.366097e+002	2.490079e+002	2.355871e+002	
2.539597e+002	1.839344e+002	1.731557e+002	
2.073565e+002	1.534782e+002	1.451862e+002	
4.088736e+002	3.635752e+002	3.568616e+002	
5.230923e+002	4.639641e+002	4.550740e+002	
6.173780e+002	5.285649e+002	5.149402e+002	
6.955954e+002	5.882185e+002	5.715876e+002	
7.443321e+002	6.422535e+002	6.263974e+002	
7.652382e+002	6.669830e+002	6.517039e+002	
3.591401e+002	3.016056e+002	2.929424e+002	
4.659842e+002	3.921276e+002	3.809185e+002	
5.731178e+002	4.643893e+002	4.476280e+002	
6.315292e+002	5.009939e+002	4.807374e+002	
6.840012e+002	5.516956e+002	5.311218e+002	
7.499123e+002	6.200272e+002	5.998276e+002	
6.070784e+002	4.667083e+002	4.454487e+002	
5.328092e+002	3.886341e+002	3.666908e+002	
4.551019e+002	3.219642e+002	3.017508e+002	
3.824015e+002	2.653311e+002	2.474277e+002	
3.030401e+002	2.112441e+002	1.971838e+002	
2.370032e+002	1.727275e+002	1.628692e+002	
4.683429e+002	4.281379e+002	4.221902e+002	
5.774858e+002	5.255114e+002	5.177051e+002	
6.598105e+002	5.761305e+002	5.632524e+002	
7.194229e+002	6.239316e+002	6.091371e+002	
7.455403e+002	6.534235e+002	6.391027e+002	
7.538406e+002	6.634984e+002	6.494608e+002	
4.387054e+002	3.937311e+002	3.870865e+002	
5.727926e+002	5.212406e+002	5.134977e+002	
6.567937e+002	5.734964e+002	5.606771e+002	
7.204086e+002	6.247864e+002	6.099717e+002	
7.488003e+002	6.562807e+002	6.418973e+002	
7.572932e+002	6.665372e+002	6.524353e+002	
6.072441e+002	6.069933e+002	6.069542e+002	
6.120283e+002	6.117733e+002	6.117335e+002	
6.054159e+002	6.054159e+002	6.054159e+002	
6.114377e+002	6.111948e+002	6.111569e+002	
6.128563e+002	6.128563e+002	6.128563e+002	
6.016624e+002	6.016624e+002	6.016624e+002	
6.064497e+002	6.064497e+002	6.064497e+002	
6.126871e+002	6.124415e+002	6.124031e+002	
6.032280e+002	6.032280e+002	6.032280e+002	
6.108206e+002	6.108206e+002	6.108206e+002	
6.047907e+002	6.046080e+002	6.045796e+002	
6.038639e+002	6.038639e+002	6.038639e+002	
6.042046e+002	6.042046e+002	6.042046e+002	
6.062856e+002	6.062856e+002	6.062856e+002	
6.137214e+002	6.137214e+002	6.137214e+002	
6.113547e+002	6.113547e+002	6.113547e+002	
6.135833e+002	6.131756e+002	6.131154e+002	
6.052115e+002	6.052115e+002	6.052115e+002	
5.923695e+002	5.625449e+002	5.578925e+002	
6.129589e+002	5.738486e+002	5.677483e+002	
6.150170e+002	5.731996e+002	5.666772e+002	
6.365115e+002	5.942028e+002	5.876033e+002	
6.562130e+002	6.173400e+002	6.112769e+002	
6.860594e+002	6.454184e+002	6.390796e+002	
5.282075e+002	4.787205e+002	4.710016e+002	
5.560782e+002	5.205972e+002	5.150630e+002	
5.405335e+002	4.826120e+002	4.735773e+002	
5.468530e+002	4.866205e+002	4.772257e+002	
6.088799e+002	5.728109e+002	5.671851e+002	
6.785490e+002	6.215696e+002	6.126821e+002	
2.772299e+002	1.829686e+002	1.682658e+002	
8.897295e+001	3.939588e+001	3.166291e+001	
6.259966e+001	2.150218e+001	1.509185e+001	
5.264635e+001	1.401811e+001	7.992913e+000	
4.943188e+001	1.257123e+001	6.821752e+000	
3.752657e+001	9.388400e+000	4.999439e+000	
1.032075e+002	1.028492e+002	1.027981e+002	
9.587225e+001	9.504552e+001	9.491936e+001	
1.053183e+002	1.030931e+002	1.027546e+002	
1.109941e+002	1.026750e+002	1.013808e+002	
2.073536e+002	1.717871e+002	1.662492e+002	
6.006141e+002	5.203556e+002	5.078437e+002	
8.980718e+001	8.931944e+001	8.925578e+001	
9.368062e+001	9.273206e+001	9.258918e+001	
9.245373e+001	8.979299e+001	8.938483e+001	
1.033170e+002	9.465940e+001	9.332047e+001	
1.827538e+002	1.503149e+002	1.452594e+002	
5.327609e+002	4.512546e+002	4.385479e+002	
4.553912e+001	1.122964e+001	5.910320e+000	
5.175572e+001	1.371782e+001	7.813107e+000	
5.509784e+001	1.566306e+001	9.539987e+000	
7.703542e+001	3.409624e+001	2.744023e+001	
1.618083e+002	9.279820e+001	8.208748e+001	
5.585394e+002	4.524307e+002	4.359343e+002	
6.217822e+002	5.750605e+002	5.680909e+002	
5.840428e+002	5.278104e+002	5.194952e+002	
5.733710e+002	5.186885e+002	5.105706e+002	
5.598746e+002	5.060183e+002	4.979835e+002	
5.571181e+002	5.094925e+002	5.023496e+002	
5.384114e+002	5.060138e+002	5.011375e+002	
5.932126e+002	5.486376e+002	5.419883e+002	
5.335018e+002	4.555554e+002	4.437985e+002	
5.105021e+002	4.346639e+002	4.232608e+002	
5.106789e+002	4.362410e+002	4.250306e+002	
5.113723e+002	4.420631e+002	4.315774e+002	
4.875380e+002	4.367226e+002	4.290105e+002	
6.635136e+002	6.635136e+002	6.635136e+002	
6.654091e+002	6.650799e+002	6.650303e+002	
6.629020e+002	6.624921e+002	6.624311e+002	
6.674845e+002	6.671155e+002	6.670590e+002	
6.660422e+002	6.656480e+002	6.655873e+002	
6.612358e+002	6.607690e+002	6.606987e+002	
6.665806e+002	6.659664e+002	6.658741e+002	
6.672517e+002	6.668175e+002	6.667539e+002	
6.616954e+002	6.612565e+002	6.611905e+002	
6.655121e+002	6.652980e+002	6.652653e+002	
6.683467e+002	6.679479e+002	6.678892e+002	
6.663574e+002	6.654815e+002	6.653481e+002	
6.663207e+002	6.657067e+002	6.656144e+002	
6.610521e+002	6.610521e+002	6.610521e+002	
6.615889e+002	6.611501e+002	6.610840e+002	
6.654492e+002	6.652349e+002	6.652023e+002	
6.599134e+002	6.592795e+002	6.591838e+002	
6.663898e+002	6.655139e+002	6.653804e+002	
6.231935e+002	5.420192e+002	5.293746e+002	
4.965517e+002	4.067694e+002	3.927654e+002	
3.946916e+002	3.084590e+002	2.950085e+002	
3.156021e+002	2.397529e+002	2.279221e+002	
2.453030e+002	1.854284e+002	1.760892e+002	
2.069741e+002	1.618018e+002	1.547560e+002	
6.128828e+002	5.442104e+002	5.335005e+002	
4.972207e+002	4.174456e+002	4.050025e+002	
4.085037e+002	3.329470e+002	3.211617e+002	
3.509471e+002	2.835597e+002	2.730487e+002	
2.964442e+002	2.416007e+002	2.330463e+002	
2.696180e+002	2.297165e+002	2.234927e+002	
6.155630e+002	5.578533e+002	5.488991e+002	
5.098630e+002	4.426158e+002	4.321689e+002	
4.410995e+002	3.765097e+002	3.664854e+002	
3.902788e+002	3.309464e+002	3.217259e+002	
3.462034e+002	2.963521e+002	2.886177e+002	
3.153239e+002	2.770707e+002	2.711406e+002	
6.011475e+002	5.119144e+002	4.982304e+002	
4.723362e+002	3.840900e+002	3.705813e+002	
3.935523e+002	3.163967e+002	3.046498e+002	
3.358102e+002	2.773715e+002	2.684706e+002	
2.723991e+002	2.265538e+002	2.196028e+002	
2.369836e+002	2.026435e+002	1.974738e+002	
3.939068e+002	2.974838e+002	2.825288e+002	
3.421491e+002	2.581041e+002	2.451163e+002	
2.919388e+002	2.234022e+002	2.128448e+002	
2.684338e+002	2.121973e+002	2.035417e+002	
2.348239e+002	1.922814e+002	1.857619e+002	
2.026757e+002	1.680794e+002	1.627863e+002	
2.257217e+002	1.795333e+002	1.724861e+002	
2.852306e+002	2.228241e+002	2.132414e+002	
3.572767e+002	2.789795e+002	2.669081e+002	
4.375559e+002	3.444462e+002	3.300650e+002	
5.798371e+002	4.815158e+002	4.662995e+002	
7.243073e+002	6.215895e+002	6.056625e+002	
2.546988e+002	2.127610e+002	2.063948e+002	
3.329896e+002	2.769183e+002	2.683287e+002	
4.226441e+002	3.469398e+002	3.352640e+002	
5.204643e+002	4.324850e+002	4.188827e+002	
6.588589e+002	5.706121e+002	5.569548e+002	
7.403727e+002	6.447662e+002	6.299648e+002	
5.967914e+002	5.022079e+002	4.878983e+002	
4.620518e+002	3.629120e+002	3.479833e+002	
3.782669e+002	2.933969e+002	2.807162e+002	
3.169206e+002	2.462300e+002	2.356789e+002	
2.635671e+002	2.084727e+002	2.002936e+002	
2.163790e+002	1.742310e+002	1.679425e+002	
6.481938e+002	5.724966e+002	5.610557e+002	
5.269297e+002	4.436803e+002	4.311587e+002	
4.397456e+002	3.654096e+002	3.542914e+002	
3.725112e+002	3.112196e+002	3.020935e+002	
3.143596e+002	2.696655e+002	2.630573e+002	
2.840182e+002	2.497203e+002	2.446629e+002	
2.430563e+002	1.994375e+002	1.928306e+002	
2.846888e+002	2.277423e+002	2.191139e+002	
3.348218e+002	2.626205e+002	2.516084e+002	
3.785714e+002	2.892591e+002	2.755847e+002	
4.616692e+002	3.544567e+002	3.379905e+002	
6.525240e+002	5.454303e+002	5.289213e+002	
6.419879e+002	5.623475e+002	5.504028e+002	
5.499356e+002	4.631006e+002	4.501489e+002	
4.849843e+002	4.068574e+002	3.952538e+002	
4.355755e+002	3.722634e+002	3.629095e+002	
3.986523e+002	3.520656e+002	3.451771e+002	
3.664354e+002	3.323911e+002	3.273555e+002	
6.414598e+002	5.525191e+002	5.391255e+002	
5.193240e+002	4.232470e+002	4.088884e+002	
4.401067e+002	3.531223e+002	3.402209e+002	
3.807299e+002	3.121371e+002	3.020076e+002	
3.325002e+002	2.818601e+002	2.743610e+002	
3.008291e+002	2.642208e+002	2.588174e+002	
6.547165e+002	6.537224e+002	6.535712e+002	
6.618719e+002	6.607223e+002	6.605494e+002	
6.552841e+002	6.536591e+002	6.534170e+002	
6.596871e+002	6.581655e+002	6.579390e+002	
6.605440e+002	6.584425e+002	6.581278e+002	
6.627150e+002	6.610099e+002	6.607513e+002	
6.477118e+002	6.455307e+002	6.451998e+002	
6.567927e+002	6.547249e+002	6.544161e+002	
6.615212e+002	6.594633e+002	6.591538e+002	
6.605046e+002	6.584615e+002	6.581539e+002	
6.601530e+002	6.583900e+002	6.581244e+002	
6.612299e+002	6.594640e+002	6.591979e+002	
6.560374e+002	6.536399e+002	6.532819e+002	
6.567018e+002	6.548676e+002	6.545909e+002	
6.595272e+002	6.564826e+002	6.560289e+002	
6.626115e+002	6.597634e+002	6.593369e+002	
6.672466e+002	6.651570e+002	6.648486e+002	
6.616317e+002	6.594452e+002	6.591182e+002	
5.868659e+002	4.966989e+002	4.830768e+002	
4.438242e+002	3.456177e+002	3.306772e+002	
3.796277e+002	2.834173e+002	2.687780e+002	
3.324555e+002	2.424645e+002	2.287420e+002	
2.944596e+002	2.166993e+002	2.048248e+002	
2.578304e+002	1.991803e+002	1.902354e+002	
6.230278e+002	5.507607e+002	5.398265e+002	
5.089047e+002	4.264223e+002	4.139308e+002	
4.358150e+002	3.520473e+002	3.393809e+002	
3.756973e+002	2.965587e+002	2.845526e+002	
3.187084e+002	2.533278e+002	2.433817e+002	
2.959157e+002	2.428625e+002	2.348129e+002	
1.950997e+001	5.111288e+000	2.865402e+000	
2.327372e+001	5.933625e+000	3.228936e+000	
3.133505e+001	1.058405e+001	7.349225e+000	
5.383847e+001	2.679440e+001	2.257611e+001	
1.854256e+002	1.311942e+002	1.227353e+002	
5.752632e+002	4.886430e+002	4.751319e+002	
3.006513e+002	2.300547e+002	2.190541e+002	
1.121772e+002	9.688685e+001	9.450817e+001	
7.867959e+001	7.450870e+001	7.386075e+001	
7.355914e+001	7.223146e+001	7.202634e+001	
7.359995e+001	7.296372e+001	7.286645e+001	
7.865775e+001	7.851466e+001	7.849235e+001	
2.523264e+002	1.733703e+002	1.611486e+002	
7.998248e+001	5.280553e+001	4.867314e+001	
5.238297e+001	3.660571e+001	3.422925e+001	
3.746206e+001	2.370533e+001	2.165161e+001	
3.367826e+001	2.459006e+001	2.322900e+001	
2.089539e+001	1.204994e+001	1.071895e+001	
3.183158e+002	2.398735e+002	2.277034e+002	
8.130936e+001	4.564444e+001	4.009500e+001	
4.268595e+001	1.563217e+001	1.142462e+001	
3.574825e+001	1.046323e+001	6.529760e+000	
3.075221e+001	7.522525e+000	3.909731e+000	
2.398309e+001	6.699252e+000	4.013094e+000	
4.368161e+002	4.092487e+002	4.051762e+002	
4.547732e+002	4.185186e+002	4.131269e+002	
4.703317e+002	4.283418e+002	4.220385e+002	
5.059582e+002	4.604590e+002	4.535847e+002	
5.689658e+002	5.186553e+002	5.110303e+002	
6.788240e+002	6.367864e+002	6.303997e+002	
5.206360e+002	4.981186e+002	4.947714e+002	
5.380120e+002	5.065800e+002	5.018994e+002	
5.483028e+002	5.135054e+002	5.082932e+002	
5.822540e+002	5.437946e+002	5.380322e+002	
6.327902e+002	5.945884e+002	5.888419e+002	
6.839590e+002	6.529150e+002	6.482587e+002	
6.390657e+002	5.483545e+002	5.349161e+002	
5.045552e+002	4.004763e+002	3.850615e+002	
4.017201e+002	3.083336e+002	2.945636e+002	
3.313275e+002	2.520034e+002	2.402984e+002	
2.716540e+002	2.117595e+002	2.028923e+002	
2.341587e+002	1.879817e+002	1.811687e+002	
6.327233e+002	5.414389e+002	5.278737e+002	
5.031136e+002	3.956072e+002	3.797138e+002	
4.060593e+002	3.068384e+002	2.921204e+002	
3.374468e+002	2.533925e+002	2.408922e+002	
2.851266e+002	2.202416e+002	2.105866e+002	
2.326019e+002	1.818719e+002	1.743267e+002	
6.338682e+002	5.366074e+002	5.221824e+002	
4.915586e+002	3.779697e+002	3.611408e+002	
3.928334e+002	2.856089e+002	2.697281e+002	
3.231482e+002	2.299017e+002	2.159900e+002	
2.622972e+002	1.895290e+002	1.786518e+002	
2.199314e+002	1.647546e+002	1.565275e+002	
1.589992e+002	1.324272e+002	1.284491e+002	
2.021734e+002	1.657901e+002	1.603038e+002	
2.573443e+002	2.092572e+002	2.019590e+002	
3.525615e+002	2.863368e+002	2.762358e+002	
6.304850e+002	5.627254e+002	5.523501e+002	
7.960835e+002	6.637941e+002	6.433927e+002	
1.069046e+002	8.039766e+001	7.632118e+001	
1.450223e+002	1.053484e+002	9.923158e+001	
1.994968e+002	1.460576e+002	1.378162e+002	
3.354827e+002	2.616646e+002	2.502453e+002	
6.533946e+002	5.859152e+002	5.754566e+002	
7.903610e+002	6.644502e+002	6.449544e+002	
1.304429e+002	9.698553e+001	9.182395e+001	
1.863086e+002	1.379348e+002	1.304523e+002	
2.608250e+002	1.917410e+002	1.810415e+002	
4.028251e+002	3.156497e+002	3.021036e+002	
6.868265e+002	6.096545e+002	5.976673e+002	
7.935392e+002	6.726141e+002	6.538727e+002	
2.795138e+002	2.205816e+002	2.116063e+002	
3.458616e+002	2.682920e+002	2.564680e+002	
4.295900e+002	3.400589e+002	3.263884e+002	
5.293276e+002	4.299323e+002	4.147809e+002	
6.435223e+002	5.496814e+002	5.354371e+002	
2.584821e+002	1.906555e+002	1.802417e+002	
3.124619e+002	2.329162e+002	2.207002e+002	
3.694753e+002	2.779691e+002	2.639573e+002	
4.426443e+002	3.393098e+002	3.234486e+002	
5.457482e+002	4.317466e+002	4.142227e+002	
6.038303e+002	5.108536e+002	4.968339e+002	
5.070241e+002	4.159836e+002	4.022624e+002	
4.327291e+002	3.588121e+002	3.477266e+002	
3.600499e+002	3.015573e+002	2.928046e+002	
2.943589e+002	2.477882e+002	2.408122e+002	
4.665681e+002	3.640351e+002	3.482835e+002	
4.127635e+002	3.242509e+002	3.106898e+002	
3.331443e+002	2.550260e+002	2.430581e+002	
2.952324e+002	2.301755e+002	2.202162e+002	
2.678820e+002	2.121390e+002	2.035829e+002	
1.606289e+002	1.192024e+002	1.129088e+002	
2.188443e+002	1.596417e+002	1.506643e+002	
2.877337e+002	2.095993e+002	1.977838e+002	
4.126276e+002	3.088860e+002	2.931882e+002	
5.767535e+002	4.557375e+002	4.375954e+002	
1.066011e+002	6.620203e+001	6.000758e+001	
1.486387e+002	9.270553e+001	8.414673e+001	
1.996185e+002	1.233997e+002	1.117932e+002	
3.102625e+002	2.048213e+002	1.887076e+002	
4.939832e+002	3.568058e+002	3.360107e+002	
4.582603e+002	3.633669e+002	3.489873e+002	
3.243977e+002	2.545615e+002	2.439559e+002	
2.544219e+002	2.030013e+002	1.951769e+002	
2.092620e+002	1.686669e+002	1.625228e+002	
1.777215e+002	1.478355e+002	1.433225e+002	
8.868393e+001	4.517594e+001	3.849509e+001	
1.250669e+002	6.435312e+001	5.504259e+001	
1.674602e+002	8.791993e+001	7.572186e+001	
2.593399e+002	1.470837e+002	1.298664e+002	
4.218061e+002	2.624676e+002	2.382197e+002	
7.591969e+001	4.146565e+001	3.619765e+001	
1.161909e+002	6.609643e+001	5.844678e+001	
1.609951e+002	9.184154e+001	8.126469e+001	
2.523747e+002	1.451017e+002	1.286414e+002	
4.195995e+002	2.567328e+002	2.320345e+002	
6.012603e+002	5.017261e+002	4.868719e+002	
5.071336e+002	4.096222e+002	3.951069e+002	
4.170575e+002	3.360356e+002	3.240492e+002	
3.406285e+002	2.787968e+002	2.696678e+002	
2.816628e+002	2.347656e+002	2.278244e+002	
5.833031e+002	4.764504e+002	4.606234e+002	
4.766845e+002	3.773012e+002	3.625883e+002	
3.765236e+002	2.947145e+002	2.826344e+002	
3.064319e+002	2.420178e+002	2.325188e+002	
2.455471e+002	1.967252e+002	1.895487e+002	
5.653394e+002	4.613447e+002	4.459326e+002	
4.610675e+002	3.598158e+002	3.448130e+002	
3.680017e+002	2.859265e+002	2.738084e+002	
2.954691e+002	2.308311e+002	2.212963e+002	
2.383933e+002	1.891801e+002	1.819427e+002	
3.489325e+002	2.989492e+002	2.912760e+002	
4.198714e+002	3.520911e+002	3.417050e+002	
4.985793e+002	4.170897e+002	4.045761e+002	
5.971727e+002	5.068552e+002	4.929332e+002	
6.803056e+002	5.912319e+002	5.775558e+002	
3.012386e+002	2.483667e+002	2.402921e+002	
3.661557e+002	2.994086e+002	2.891618e+002	
4.397034e+002	3.579216e+002	3.453556e+002	
5.223268e+002	4.260883e+002	4.112821e+002	
6.396564e+002	5.388619e+002	5.233290e+002	
2.737365e+002	1.842879e+002	1.703359e+002	
8.247446e+001	4.116394e+001	3.472036e+001	
4.839832e+001	1.788994e+001	1.313129e+001	
3.469871e+001	9.947952e+000	6.087357e+000	
2.571334e+001	6.195225e+000	3.150809e+000	
9.457487e+001	8.553404e+001	8.421303e+001	
1.092170e+002	9.758290e+001	9.586089e+001	
1.378917e+002	1.212817e+002	1.188098e+002	
2.012193e+002	1.669994e+002	1.617689e+002	
4.880665e+002	4.052230e+002	3.924259e+002	
2.818512e+001	2.320529e+001	2.245791e+001	
3.196887e+001	2.434257e+001	2.318797e+001	
4.507811e+001	3.452979e+001	3.292288e+001	
8.506664e+001	6.258104e+001	5.912460e+001	
2.517975e+002	1.827071e+002	1.719765e+002	
2.839837e+001	7.759737e+000	4.548028e+000	
3.742620e+001	1.124053e+001	7.165604e+000	
5.169159e+001	1.919172e+001	1.415311e+001	
1.095014e+002	6.107688e+001	5.355215e+001	
3.891251e+002	2.902815e+002	2.749051e+002	
6.256632e+002	5.214218e+002	5.057412e+002	
5.226414e+002	4.195945e+002	4.041137e+002	
4.437739e+002	3.583126e+002	3.455116e+002	
3.663253e+002	2.962032e+002	2.856747e+002	
3.060441e+002	2.498817e+002	2.414713e+002	
5.773549e+002	4.587881e+002	4.409250e+002	
4.682441e+002	3.626693e+002	3.467140e+002	
3.997930e+002	3.157278e+002	3.030128e+002	
3.365124e+002	2.657375e+002	2.550389e+002	
2.855779e+002	2.295927e+002	2.211735e+002	
2.339379e+002	1.824040e+002	1.744871e+002	
3.407335e+002	2.656063e+002	2.540427e+002	
4.576436e+002	3.465359e+002	3.293226e+002	
5.839788e+002	4.560273e+002	4.362086e+002	
7.170868e+002	6.020908e+002	5.842487e+002	
2.497969e+002	1.972717e+002	1.892112e+002	
3.381488e+002	2.638442e+002	2.523850e+002	
4.391465e+002	3.391539e+002	3.236867e+002	
5.645909e+002	4.504661e+002	4.328059e+002	
7.119565e+002	6.076727e+002	5.915395e+002	
2.646886e+002	2.138718e+002	2.060672e+002	
3.603320e+002	2.897720e+002	2.789375e+002	
4.623839e+002	3.692929e+002	3.549791e+002	
5.784842e+002	4.737253e+002	4.575685e+002	
6.954168e+002	5.968850e+002	5.817050e+002	
7.095087e+002	6.020237e+002	5.854813e+002	
6.660165e+002	5.490088e+002	5.310238e+002	
5.982780e+002	5.101685e+002	4.967206e+002	
4.042556e+002	3.619421e+002	3.556930e+002	
2.745144e+002	2.410536e+002	2.360950e+002	
7.373876e+002	6.164200e+002	5.977243e+002	
7.217155e+002	5.858047e+002	5.647673e+002	
6.517544e+002	5.524330e+002	5.371555e+002	
4.155721e+002	3.742687e+002	3.681283e+002	
2.465442e+002	2.143645e+002	2.095944e+002	
7.460562e+002	6.252581e+002	6.065552e+002	
7.404957e+002	5.929656e+002	5.701303e+002	
6.727299e+002	5.665297e+002	5.501866e+002	
4.347517e+002	3.887693e+002	3.819595e+002	
2.517546e+002	2.175721e+002	2.125223e+002	
5.320765e+002	4.829825e+002	4.753249e+002	
4.579243e+002	4.082451e+002	4.004964e+002	
4.376715e+002	3.890309e+002	3.814442e+002	
4.383266e+002	3.908215e+002	3.834118e+002	
4.345713e+002	3.899702e+002	3.830134e+002	
4.172121e+002	3.865948e+002	3.818191e+002	
6.000776e+002	5.776268e+002	5.741251e+002	
5.472354e+002	5.221239e+002	5.182068e+002	
5.360052e+002	5.106270e+002	5.066685e+002	
5.239749e+002	4.988284e+002	4.949060e+002	
5.152593e+002	4.942380e+002	4.909592e+002	
5.156837e+002	5.014164e+002	4.991910e+002	
4.736166e+002	4.343698e+002	4.283482e+002	
4.850554e+002	4.388585e+002	4.317608e+002	
4.831182e+002	4.350636e+002	4.276747e+002	
4.935554e+002	4.454055e+002	4.380203e+002	
5.327604e+002	4.826361e+002	4.749707e+002	
6.532419e+002	6.137488e+002	6.076727e+002	
5.493332e+002	5.281729e+002	5.249213e+002	
5.620557e+002	5.354605e+002	5.313804e+002	
5.613635e+002	5.344019e+002	5.302651e+002	
5.751523e+002	5.468236e+002	5.424877e+002	
6.078932e+002	5.818345e+002	5.778491e+002	
6.606823e+002	6.406663e+002	6.375961e+002	
5.654046e+002	5.448780e+002	5.416765e+002	
5.335782e+002	5.148207e+002	5.118948e+002	
5.325113e+002	5.145719e+002	5.117738e+002	
5.219388e+002	5.048156e+002	5.021446e+002	
5.229316e+002	5.058259e+002	5.031576e+002	
5.198694e+002	5.082472e+002	5.064343e+002	
6.001765e+002	5.964715e+002	5.958937e+002	
5.939010e+002	5.893867e+002	5.886826e+002	
5.974959e+002	5.938096e+002	5.932346e+002	
5.836744e+002	5.800141e+002	5.794431e+002	
5.941028e+002	5.906312e+002	5.900897e+002	
5.867485e+002	5.843598e+002	5.839872e+002	
4.101888e+002	3.397439e+002	3.288072e+002	
4.193598e+002	3.415604e+002	3.294667e+002	
4.121225e+002	3.339584e+002	3.218079e+002	
4.280277e+002	3.472484e+002	3.346887e+002	
4.598190e+002	3.818262e+002	3.697126e+002	
6.175966e+002	5.494766e+002	5.388914e+002	
6.052126e+002	6.052126e+002	6.052126e+002	
6.022877e+002	6.022877e+002	6.022877e+002	
6.075371e+002	6.075371e+002	6.075371e+002	
5.993018e+002	5.993018e+002	5.993018e+002	
6.050011e+002	6.050011e+002	6.050011e+002	
6.048014e+002	6.048014e+002	6.048014e+002	
6.052126e+002	6.052126e+002	6.052126e+002	
6.022877e+002	6.022877e+002	6.022877e+002	
6.075371e+002	6.075371e+002	6.075371e+002	
5.993017e+002	5.993017e+002	5.993017e+002	
6.050011e+002	6.050011e+002	6.050011e+002	
6.048014e+002	6.048014e+002	6.048014e+002	
5.904125e+002	5.638255e+002	5.602300e+002	
6.393934e+002	6.045343e+002	5.995941e+002	
6.984121e+002	6.365377e+002	6.272036e+002	
7.310433e+002	6.543354e+002	6.425889e+002	
7.460054e+002	6.714227e+002	6.599827e+002	
7.564168e+002	6.790514e+002	6.671482e+002	
5.175516e+002	4.822623e+002	4.773482e+002	
6.278433e+002	5.808320e+002	5.741475e+002	
6.981723e+002	6.183939e+002	6.063981e+002	
7.525983e+002	6.555694e+002	6.406783e+002	
7.637433e+002	6.720642e+002	6.579392e+002	
7.750117e+002	6.865707e+002	6.729497e+002	
4.855474e+002	4.443009e+002	4.385069e+002	
6.202516e+002	5.670696e+002	5.595221e+002	
7.132408e+002	6.215657e+002	6.077228e+002	
7.540383e+002	6.481408e+002	6.318892e+002	
7.797076e+002	6.773593e+002	6.616012e+002	
7.917681e+002	6.967781e+002	6.821165e+002	
6.065920e+002	4.992527e+002	4.825789e+002	
4.638051e+002	3.510349e+002	3.335045e+002	
3.707609e+002	2.617559e+002	2.448317e+002	
3.121510e+002	2.158991e+002	2.010082e+002	
2.522095e+002	1.746412e+002	1.626487e+002	
1.986237e+002	1.382020e+002	1.288865e+002	
6.472766e+002	5.511795e+002	5.362843e+002	
5.375878e+002	4.327325e+002	4.164606e+002	
4.415302e+002	3.373032e+002	3.211804e+002	
3.583760e+002	2.662418e+002	2.520336e+002	
2.802965e+002	2.057730e+002	1.943255e+002	
2.320315e+002	1.722786e+002	1.631084e+002	
1.501590e+001	3.729371e+000	1.968910e+000	
2.082401e+001	6.040984e+000	3.735149e+000	
3.035595e+001	1.157374e+001	8.644115e+000	
5.208950e+001	2.546361e+001	2.131055e+001	
1.792006e+002	1.249604e+002	1.165000e+002	
5.712617e+002	4.833561e+002	4.696448e+002	
3.189803e+002	2.406636e+002	2.285087e+002	
1.280628e+002	1.035199e+002	9.972688e+001	
8.649365e+001	7.462117e+001	7.278875e+001	
7.024337e+001	6.138356e+001	6.001241e+001	
5.783594e+001	5.025141e+001	4.909621e+001	
4.858557e+001	4.229103e+001	4.131775e+001	
2.363786e+002	1.637759e+002	1.524898e+002	
1.005322e+002	7.550930e+001	7.165010e+001	
6.138178e+001	4.817150e+001	4.619423e+001	
4.766593e+001	4.129371e+001	4.036321e+001	
4.592062e+001	4.197554e+001	4.140995e+001	
4.199986e+001	3.908184e+001	3.866911e+001	
3.127682e+002	2.331919e+002	2.208187e+002	
7.307106e+001	3.863038e+001	3.327620e+001	
4.007043e+001	1.605824e+001	1.232225e+001	
2.924156e+001	1.013914e+001	7.170954e+000	
2.385678e+001	8.129516e+000	5.684463e+000	
1.489915e+001	3.741010e+000	2.012921e+000	
3.390865e+002	2.938997e+002	2.872694e+002	
4.148167e+002	3.537690e+002	3.447405e+002	
4.894907e+002	4.031363e+002	3.901167e+002	
5.605988e+002	4.548342e+002	4.387088e+002	
6.466177e+002	5.349294e+002	5.178518e+002	
7.670868e+002	6.572760e+002	6.404750e+002	
3.970192e+002	3.527264e+002	3.461937e+002	
4.865541e+002	4.289456e+002	4.204120e+002	
5.648461e+002	4.836424e+002	4.713929e+002	
6.280884e+002	5.320580e+002	5.174613e+002	
7.092166e+002	6.135507e+002	5.989120e+002	
7.715903e+002	6.755126e+002	6.607701e+002	
6.260604e+002	5.701192e+002	5.614053e+002	
5.735621e+002	5.080347e+002	4.978214e+002	
5.307698e+002	4.656440e+002	4.554909e+002	
5.032170e+002	4.457299e+002	4.367666e+002	
4.671666e+002	4.195091e+002	4.120824e+002	
4.360044e+002	3.998193e+002	3.941779e+002	
6.323698e+002	5.590243e+002	5.476002e+002	
5.433441e+002	4.591082e+002	4.459752e+002	
4.919951e+002	4.105203e+002	3.978214e+002	
4.353033e+002	3.608868e+002	3.492874e+002	
3.835407e+002	3.239770e+002	3.147010e+002	
3.595924e+002	3.134159e+002	3.062217e+002	
6.360077e+002	5.515709e+002	5.384366e+002	
5.358134e+002	4.418766e+002	4.272400e+002	
4.534688e+002	3.590382e+002	3.443296e+002	
3.879866e+002	3.032210e+002	2.900232e+002	
3.396305e+002	2.716435e+002	2.610620e+002	
2.991591e+002	2.465954e+002	2.384146e+002	
6.432958e+002	6.432958e+002	6.432958e+002	
6.471334e+002	6.471334e+002	6.471334e+002	
6.431797e+002	6.431797e+002	6.431797e+002	
6.431301e+002	6.431301e+002	6.431301e+002	
6.368116e+002	6.368116e+002	6.368116e+002	
6.382782e+002	6.382782e+002	6.382782e+002	
6.364310e+002	6.364310e+002	6.364310e+002	
6.480471e+002	6.480471e+002	6.480471e+002	
6.475547e+002	6.475547e+002	6.475547e+002	
6.459937e+002	6.459937e+002	6.459937e+002	
6.471422e+002	6.471422e+002	6.471422e+002	
6.459500e+002	6.459500e+002	6.459500e+002	
6.364310e+002	6.364310e+002	6.364310e+002	
6.459097e+002	6.459097e+002	6.459097e+002	
6.475547e+002	6.475547e+002	6.475547e+002	
6.459937e+002	6.459937e+002	6.459937e+002	
6.471422e+002	6.471422e+002	6.471422e+002	
6.407316e+002	6.407316e+002	6.407316e+002	
3.461695e+002	2.887946e+002	2.800039e+002	
4.424678e+002	3.686278e+002	3.572590e+002	
5.148201e+002	4.243770e+002	4.103698e+002	
5.844333e+002	4.807343e+002	4.646744e+002	
6.775778e+002	5.682748e+002	5.513126e+002	
7.510948e+002	6.460302e+002	6.297447e+002	
3.813924e+002	3.363522e+002	3.295158e+002	
4.717708e+002	4.122362e+002	4.031496e+002	
5.524702e+002	4.734508e+002	4.612815e+002	
6.357203e+002	5.436945e+002	5.294617e+002	
7.037344e+002	6.141656e+002	6.002957e+002	
7.579945e+002	6.645704e+002	6.501432e+002	
6.694874e+002	5.654342e+002	5.498407e+002	
6.005627e+002	4.964942e+002	4.808792e+002	
5.469151e+002	4.565151e+002	4.430038e+002	
5.042400e+002	4.332231e+002	4.225735e+002	
4.262305e+002	3.706922e+002	3.623733e+002	
3.672365e+002	3.265766e+002	3.205298e+002	
5.368434e+002	4.188870e+002	4.006097e+002	
5.034822e+002	3.983201e+002	3.820738e+002	
4.809759e+002	3.883168e+002	3.740271e+002	
4.518941e+002	3.735619e+002	3.615168e+002	
3.996207e+002	3.362975e+002	3.265849e+002	
3.520929e+002	2.988335e+002	2.906896e+002	
2.231762e+002	1.846283e+002	1.786785e+002	
2.885525e+002	2.343476e+002	2.259816e+002	
3.658666e+002	2.935454e+002	2.823612e+002	
4.937083e+002	4.048762e+002	3.910934e+002	
6.834293e+002	5.939124e+002	5.800284e+002	
7.819393e+002	6.699077e+002	6.525570e+002	
2.583338e+002	2.254613e+002	2.204200e+002	
3.398910e+002	2.937654e+002	2.866687e+002	
4.311246e+002	3.622028e+002	3.515433e+002	
5.597986e+002	4.740710e+002	4.608105e+002	
7.154397e+002	6.350514e+002	6.225896e+002	
7.804409e+002	6.731351e+002	6.565616e+002	
6.395410e+002	5.084099e+002	4.886066e+002	
5.108439e+002	4.048077e+002	3.884528e+002	
4.244446e+002	3.470804e+002	3.351426e+002	
3.709960e+002	3.175225e+002	3.093410e+002	
3.206712e+002	2.807130e+002	2.745984e+002	
2.772649e+002	2.500386e+002	2.458836e+002	
2.253066e+002	1.843627e+002	1.781817e+002	
2.797594e+002	2.245829e+002	2.162173e+002	
3.615707e+002	2.896292e+002	2.786205e+002	
4.964190e+002	4.064812e+002	3.926836e+002	
6.984031e+002	6.147200e+002	6.018828e+002	
7.831946e+002	6.731866e+002	6.562545e+002	
2.670982e+002	2.227043e+002	2.160004e+002	
3.208894e+002	2.605101e+002	2.513615e+002	
4.075400e+002	3.318594e+002	3.203539e+002	
5.295468e+002	4.360527e+002	4.217697e+002	
7.041196e+002	6.180939e+002	6.049219e+002	
7.710341e+002	6.627343e+002	6.460650e+002	
6.352590e+002	5.766118e+002	5.678875e+002	
5.710826e+002	5.000187e+002	4.894768e+002	
5.148823e+002	4.476041e+002	4.376538e+002	
4.695858e+002	4.115661e+002	4.030408e+002	
4.325648e+002	3.879417e+002	3.813859e+002	
4.048289e+002	3.686309e+002	3.633218e+002	
6.419854e+002	5.610822e+002	5.491252e+002	
5.444135e+002	4.540835e+002	4.407023e+002	
4.662629e+002	3.839310e+002	3.718313e+002	
4.034858e+002	3.352511e+002	3.253058e+002	
3.558896e+002	3.043467e+002	2.968654e+002	
3.192305e+002	2.808855e+002	2.753119e+002	
6.500085e+002	5.487111e+002	5.336329e+002	
5.414421e+002	4.299824e+002	4.134290e+002	
4.438462e+002	3.430360e+002	3.281325e+002	
3.782370e+002	3.002050e+002	2.888057e+002	
3.219699e+002	2.626687e+002	2.540557e+002	
2.799587e+002	2.365376e+002	2.302484e+002	
5.679117e+002	5.402206e+002	5.359017e+002	
5.793007e+002	5.429247e+002	5.372505e+002	
5.820805e+002	5.437067e+002	5.377211e+002	
5.918557e+002	5.529478e+002	5.468789e+002	
6.169213e+002	5.802868e+002	5.745728e+002	
6.512728e+002	6.125984e+002	6.065663e+002	
5.096022e+002	4.847542e+002	4.808788e+002	
5.178065e+002	4.852918e+002	4.802199e+002	
5.148776e+002	4.608235e+002	4.523917e+002	
5.246566e+002	4.670495e+002	4.580637e+002	
5.736746e+002	5.396082e+002	5.342948e+002	
6.398185e+002	5.832188e+002	5.743905e+002	
2.822769e+002	1.904767e+002	1.761578e+002	
9.437337e+001	4.711972e+001	3.974915e+001	
5.756207e+001	1.836709e+001	1.225352e+001	
5.077211e+001	1.378036e+001	8.010423e+000	
4.760646e+001	1.199291e+001	6.437951e+000	
3.609392e+001	9.318628e+000	5.142247e+000	
1.044366e+002	1.041727e+002	1.041411e+002	
1.075111e+002	1.066710e+002	1.065497e+002	
1.081623e+002	1.057916e+002	1.054277e+002	
1.252977e+002	1.172333e+002	1.159827e+002	
2.028175e+002	1.668949e+002	1.612917e+002	
5.848466e+002	5.026063e+002	4.897789e+002	
8.977177e+001	8.937566e+001	8.932536e+001	
8.767191e+001	8.666777e+001	8.652014e+001	
8.868546e+001	8.630818e+001	8.594498e+001	
1.022400e+002	9.447323e+001	9.326696e+001	
1.778535e+002	1.458231e+002	1.408406e+002	
5.095826e+002	4.237207e+002	4.103371e+002	
4.577190e+001	1.210621e+001	6.864485e+000	
4.936524e+001	1.229909e+001	6.538137e+000	
5.782733e+001	1.981024e+001	1.390921e+001	
7.535712e+001	3.141867e+001	2.459253e+001	
1.660694e+002	9.783456e+001	8.724033e+001	
5.633809e+002	4.604329e+002	4.444196e+002	
6.205288e+002	5.560961e+002	5.464097e+002	
5.627557e+002	4.898514e+002	4.789329e+002	
5.431176e+002	4.710875e+002	4.602631e+002	
5.176210e+002	4.480399e+002	4.375567e+002	
4.962463e+002	4.350352e+002	4.257632e+002	
4.669425e+002	4.228325e+002	4.161228e+002	
6.343521e+002	5.886499e+002	5.817825e+002	
5.912497e+002	5.349336e+002	5.264443e+002	
5.635459e+002	5.069411e+002	4.984119e+002	
5.354164e+002	4.809166e+002	4.726914e+002	
5.104506e+002	4.652794e+002	4.584471e+002	
4.916173e+002	4.559862e+002	4.505706e+002	
6.290832e+002	6.279716e+002	6.278067e+002	
6.243141e+002	6.224684e+002	6.221975e+002	
6.288464e+002	6.264551e+002	6.261012e+002	
6.304473e+002	6.281661e+002	6.278279e+002	
6.298531e+002	6.276885e+002	6.273648e+002	
6.373151e+002	6.357933e+002	6.355677e+002	
6.253032e+002	6.224465e+002	6.220251e+002	
6.204266e+002	6.157018e+002	6.150042e+002	
6.255506e+002	6.208742e+002	6.201840e+002	
6.318097e+002	6.270802e+002	6.263779e+002	
6.271652e+002	6.234861e+002	6.229410e+002	
6.333752e+002	6.298346e+002	6.293116e+002	
6.205999e+002	6.177646e+002	6.173464e+002	
6.164035e+002	6.117093e+002	6.110162e+002	
6.183489e+002	6.101970e+002	6.089919e+002	
6.290255e+002	6.207232e+002	6.194899e+002	
6.259803e+002	6.223083e+002	6.217642e+002	
6.351703e+002	6.298817e+002	6.290905e+002	
6.810051e+002	6.023475e+002	5.906017e+002	
6.137991e+002	5.281448e+002	5.154268e+002	
5.601774e+002	4.800033e+002	4.681815e+002	
5.021866e+002	4.367895e+002	4.272393e+002	
4.401093e+002	3.880682e+002	3.804972e+002	
3.849697e+002	3.432485e+002	3.371637e+002	
6.741018e+002	5.856099e+002	5.724500e+002	
5.969652e+002	4.975719e+002	4.829083e+002	
5.231410e+002	4.280909e+002	4.141563e+002	
4.702785e+002	3.911291e+002	3.795505e+002	
3.939839e+002	3.300463e+002	3.206764e+002	
3.500295e+002	3.005686e+002	2.933559e+002	
6.720969e+002	5.887870e+002	5.764162e+002	
5.689789e+002	4.719687e+002	4.576512e+002	
5.011033e+002	4.072015e+002	3.933915e+002	
4.530179e+002	3.722166e+002	3.603697e+002	
3.898239e+002	3.247494e+002	3.152014e+002	
3.478802e+002	2.977346e+002	2.903828e+002	
5.781183e+002	4.784210e+002	4.630953e+002	
4.663049e+002	3.708221e+002	3.561674e+002	
4.070767e+002	3.348828e+002	3.238766e+002	
3.364942e+002	2.876611e+002	2.802988e+002	
2.569512e+002	2.162482e+002	2.101356e+002	
6.572994e+002	5.659608e+002	5.520223e+002	
5.713378e+002	4.858653e+002	4.728234e+002	
5.154359e+002	4.495337e+002	4.395649e+002	
4.239306e+002	3.774058e+002	3.704597e+002	
3.340501e+002	2.970858e+002	2.915565e+002	
2.354883e+002	1.694502e+002	1.594527e+002	
3.027826e+002	2.121146e+002	1.984196e+002	
3.669221e+002	2.630115e+002	2.473696e+002	
4.429689e+002	3.337919e+002	3.173546e+002	
6.065792e+002	5.022690e+002	4.866155e+002	
2.584260e+002	1.970483e+002	1.878219e+002	
3.396410e+002	2.577078e+002	2.453949e+002	
4.192431e+002	3.168297e+002	3.014484e+002	
5.196285e+002	4.172665e+002	4.018636e+002	
6.414514e+002	5.478445e+002	5.338199e+002	
7.305444e+002	6.120523e+002	5.937609e+002	
7.104998e+002	5.790258e+002	5.587308e+002	
6.352006e+002	5.435421e+002	5.295037e+002	
4.396020e+002	4.017835e+002	3.962213e+002	
2.636028e+002	2.353841e+002	2.312389e+002	
5.730101e+002	4.450650e+002	4.252291e+002	
5.423470e+002	4.115067e+002	3.912720e+002	
4.859972e+002	3.946760e+002	3.806169e+002	
3.293495e+002	2.845505e+002	2.777925e+002	
1.898403e+002	1.566699e+002	1.516755e+002	
2.303511e+002	1.763171e+002	1.681434e+002	
3.265770e+002	2.342511e+002	2.202371e+002	
4.124270e+002	2.765145e+002	2.559483e+002	
4.575846e+002	3.223196e+002	3.019560e+002	
5.784156e+002	4.513794e+002	4.322320e+002	
7.708200e+002	6.306545e+002	6.089911e+002	
7.885247e+002	6.215484e+002	5.956796e+002	
7.141476e+002	5.883464e+002	5.689300e+002	
4.087538e+002	3.701760e+002	3.644992e+002	
2.012729e+002	1.745879e+002	1.706270e+002	
7.689145e+002	6.290956e+002	6.074857e+002	
7.866765e+002	6.200916e+002	5.942833e+002	
7.185927e+002	5.965412e+002	5.777340e+002	
4.113336e+002	3.753116e+002	3.700139e+002	
2.000723e+002	1.739867e+002	1.701655e+002	
2.400978e+002	1.829337e+002	1.743800e+002	
3.264454e+002	2.470845e+002	2.352253e+002	
4.218148e+002	3.196577e+002	3.043920e+002	
5.658506e+002	4.506652e+002	4.334574e+002	
7.144478e+002	6.111477e+002	5.956546e+002	
2.517877e+002	1.984019e+002	1.904255e+002	
3.586478e+002	2.821692e+002	2.707109e+002	
4.824845e+002	3.770786e+002	3.612099e+002	
6.029963e+002	4.857822e+002	4.681562e+002	
7.239423e+002	6.156247e+002	5.993131e+002	
3.155847e+002	2.692182e+002	2.623246e+002	
4.556988e+002	3.898103e+002	3.799943e+002	
5.660272e+002	4.623115e+002	4.466318e+002	
6.559197e+002	5.416981e+002	5.244012e+002	
7.349403e+002	6.344520e+002	6.192705e+002	
5.941464e+002	4.853156e+002	4.686959e+002	
4.526776e+002	3.546086e+002	3.396785e+002	
3.690240e+002	2.927563e+002	2.812091e+002	
3.007165e+002	2.389261e+002	2.295977e+002	
2.570117e+002	2.102004e+002	2.031414e+002	
6.295428e+002	5.312197e+002	5.163385e+002	
5.227152e+002	4.312745e+002	4.174407e+002	
4.295301e+002	3.559413e+002	3.449073e+002	
3.509562e+002	2.882766e+002	2.788887e+002	
2.931376e+002	2.444921e+002	2.372106e+002	
1.692119e+001	4.826982e+000	2.940541e+000	
2.466484e+001	8.263979e+000	5.705794e+000	
4.151633e+001	2.012872e+001	1.679271e+001	
1.091525e+002	7.041740e+001	6.437553e+001	
4.245205e+002	3.401992e+002	3.270482e+002	
2.998169e+002	2.205018e+002	2.081944e+002	
1.011470e+002	7.766286e+001	7.405090e+001	
6.811691e+001	5.534479e+001	5.341008e+001	
5.665931e+001	4.806081e+001	4.675510e+001	
4.933954e+001	4.160636e+001	4.043993e+001	
2.557625e+002	1.730356e+002	1.602297e+002	
9.260509e+001	6.643488e+001	6.243410e+001	
5.545859e+001	4.395817e+001	4.223153e+001	
4.876496e+001	4.140172e+001	4.030527e+001	
3.552800e+001	2.999963e+001	2.919068e+001	
3.156212e+002	2.392931e+002	2.274489e+002	
7.653964e+001	4.575797e+001	4.098501e+001	
3.632259e+001	1.666097e+001	1.360789e+001	
2.141293e+001	5.970653e+000	3.569718e+000	
1.446981e+001	3.260467e+000	1.519127e+000	
2.405146e+002	1.815373e+002	1.726813e+002	
3.074629e+002	2.316164e+002	2.202505e+002	
3.940567e+002	3.054033e+002	2.920551e+002	
5.078647e+002	4.119031e+002	3.974724e+002	
6.672973e+002	5.793253e+002	5.660900e+002	
2.765775e+002	2.203006e+002	2.118201e+002	
3.568105e+002	2.856847e+002	2.750374e+002	
4.546868e+002	3.715637e+002	3.591084e+002	
5.846415e+002	4.966464e+002	4.834024e+002	
6.900904e+002	6.086777e+002	5.964793e+002	
6.626202e+002	5.454339e+002	5.277634e+002	
5.697706e+002	4.542374e+002	4.368714e+002	
4.741614e+002	3.901679e+002	3.777091e+002	
3.819987e+002	3.162267e+002	3.065385e+002	
3.001799e+002	2.532199e+002	2.462650e+002	
6.349880e+002	5.153807e+002	4.973582e+002	
5.451580e+002	4.284378e+002	4.109322e+002	
4.364661e+002	3.472307e+002	3.339976e+002	
3.569148e+002	2.937113e+002	2.844003e+002	
2.873662e+002	2.412755e+002	2.344352e+002	
6.168440e+002	4.954232e+002	4.771892e+002	
5.184175e+002	4.062426e+002	3.894491e+002	
4.214555e+002	3.344138e+002	3.214990e+002	
3.513272e+002	2.872556e+002	2.778293e+002	
2.863459e+002	2.419992e+002	2.354538e+002	
1.999223e+002	1.444443e+002	1.360851e+002	
2.511178e+002	1.710555e+002	1.590014e+002	
3.183258e+002	2.181603e+002	2.030861e+002	
4.257426e+002	3.042219e+002	2.859313e+002	
5.667811e+002	4.355807e+002	4.159749e+002	
1.588528e+002	9.205043e+001	8.196199e+001	
2.231445e+002	1.325191e+002	1.188443e+002	
3.021082e+002	1.900058e+002	1.731051e+002	
4.274075e+002	2.962375e+002	2.765026e+002	
5.665555e+002	4.324593e+002	4.124102e+002	
1.852480e+002	1.183911e+002	1.083138e+002	
2.562564e+002	1.644876e+002	1.506650e+002	
3.311851e+002	2.203253e+002	2.036229e+002	
4.500382e+002	3.247670e+002	3.059692e+002	
5.753189e+002	4.517531e+002	4.332876e+002	
