3.933548e+005	3.620208e+005	3.571333e+005	
4.369473e+005	3.792282e+005	3.702253e+005	
1.032653e+005	7.356261e+004	6.892964e+004	
1.605712e+005	8.833996e+004	7.707345e+004	
4.273028e+004	1.916460e+004	1.548885e+004	
7.899488e+004	3.286061e+004	2.566465e+004	
8.949839e+000	2.023732e+000	9.434065e-001	
1.924054e+000	4.350659e-001	2.028154e-001	
3.819554e+005	3.229069e+005	3.136967e+005	
2.997149e+005	2.517219e+005	2.442361e+005	
3.974271e+005	3.356069e+005	3.259641e+005	
3.103626e+005	2.602004e+005	2.523761e+005	
3.849273e+005	3.172458e+005	3.066889e+005	
3.027649e+005	2.472313e+005	2.385692e+005	
3.509617e+005	2.718915e+005	2.595583e+005	
2.743513e+005	2.145635e+005	2.052379e+005	
3.285841e+005	2.471702e+005	2.344714e+005	
2.586088e+005	1.981287e+005	1.886952e+005	
0.000000e+000	0.000000e+000	0.000000e+000	
0.000000e+000	0.000000e+000	0.000000e+000	
2.389830e+005	1.854508e+005	1.771010e+005	
3.096337e+005	2.352841e+005	2.236870e+005	
1.791470e+005	1.263241e+005	1.180848e+005	
2.567372e+005	1.728082e+005	1.597171e+005	
1.514368e+005	1.011592e+005	9.331697e+004	
2.102735e+005	1.282775e+005	1.154878e+005	
2.114305e+005	1.641527e+005	1.567784e+005	
2.708686e+005	2.007974e+005	1.898678e+005	
2.871188e+005	1.958788e+005	1.816474e+005	
2.236795e+005	1.704139e+005	1.621056e+005	
2.316483e+005	1.388565e+005	1.243829e+005	
1.680005e+005	1.150449e+005	1.067849e+005	
2.579207e+005	1.880073e+005	1.771022e+005	
2.018721e+005	1.582940e+005	1.514967e+005	
2.428338e+005	1.611645e+005	1.484258e+005	
1.747021e+005	1.232931e+005	1.152744e+005	
2.061020e+005	1.260743e+005	1.135917e+005	
1.485738e+005	9.859195e+004	9.079586e+004	
2.224377e+005	1.492146e+005	1.377933e+005	
1.727927e+005	1.225907e+005	1.147602e+005	
3.339922e+005	2.498926e+005	2.367749e+005	
3.911600e+005	2.814150e+005	2.642972e+005	
3.236906e+005	2.392110e+005	2.260340e+005	
3.862853e+005	2.791475e+005	2.624363e+005	
3.478908e+005	2.800556e+005	2.694748e+005	
4.088777e+005	3.217206e+005	3.081260e+005	
3.401690e+005	2.795133e+005	2.700523e+005	
3.937642e+005	3.183970e+005	3.066414e+005	
3.318157e+005	2.726495e+005	2.634208e+005	
3.712218e+005	2.940874e+005	2.820560e+005	
6.164983e+005	6.164983e+005	6.164983e+005	
6.079217e+005	6.079217e+005	6.079217e+005	
6.144099e+005	6.144099e+005	6.144099e+005	
6.129715e+005	6.129715e+005	6.129715e+005	
6.136540e+005	6.136540e+005	6.136540e+005	
6.113754e+005	6.111366e+005	6.110993e+005	
6.146148e+005	6.143748e+005	6.143374e+005	
6.135806e+005	6.135806e+005	6.135806e+005	
6.165462e+005	6.160375e+005	6.159583e+005	
6.157183e+005	6.157183e+005	6.157183e+005	
6.138522e+005	6.128768e+005	6.127246e+005	
6.134803e+005	6.133476e+005	6.133269e+005	
6.116588e+005	6.103199e+005	6.101111e+005	
6.113464e+005	6.105167e+005	6.103872e+005	
6.118493e+005	6.092008e+005	6.087877e+005	
6.095470e+005	6.076545e+005	6.073594e+005	
2.998041e+005	2.433289e+005	2.345200e+005	
3.505474e+005	2.788391e+005	2.676541e+005	
3.047153e+005	2.398192e+005	2.296968e+005	
3.630225e+005	2.819692e+005	2.693266e+005	
3.506004e+005	2.830354e+005	2.724967e+005	
3.959194e+005	3.090818e+005	2.955369e+005	
4.631360e+005	4.078514e+005	3.992282e+005	
4.940256e+005	4.223605e+005	4.111823e+005	
5.150305e+005	4.672447e+005	4.597913e+005	
5.521879e+005	4.925247e+005	4.832187e+005	
2.351383e+005	1.253368e+005	1.082100e+005	
1.609117e+005	8.842806e+004	7.712217e+004	
2.543948e+005	1.404838e+005	1.227202e+005	
1.749854e+005	1.037651e+005	9.265873e+004	
2.984448e+005	2.068069e+005	1.925488e+005	
2.412857e+005	1.813699e+005	1.720522e+005	
2.742498e+005	1.862567e+005	1.725580e+005	
2.144402e+005	1.553267e+005	1.461205e+005	
2.445376e+005	1.288487e+005	1.108037e+005	
1.621845e+005	9.285520e+004	8.204131e+004	
2.357231e+005	1.237916e+005	1.063326e+005	
1.578022e+005	8.740741e+004	7.642734e+004	
2.528357e+005	1.510362e+005	1.351577e+005	
1.772644e+005	1.076326e+005	9.677152e+004	
2.625773e+005	1.743853e+005	1.606291e+005	
2.013203e+005	1.362595e+005	1.261114e+005	
1.468510e+005	1.209813e+005	1.169463e+005	
1.708248e+005	1.346457e+005	1.290025e+005	
2.086032e+005	1.622816e+005	1.550563e+005	
2.679445e+005	2.029327e+005	1.927922e+005	
4.346310e+005	3.436961e+005	3.295123e+005	
6.880598e+005	6.045218e+005	5.914917e+005	
3.498869e+005	2.637570e+005	2.503227e+005	
1.852938e+005	1.401695e+005	1.331309e+005	
1.377951e+005	1.120393e+005	1.080219e+005	
1.189979e+005	1.026603e+005	1.001120e+005	
1.111173e+005	1.005863e+005	9.894381e+004	
9.944002e+004	9.192472e+004	9.075243e+004	
3.884213e+004	1.580626e+004	1.221400e+004	
5.298209e+004	2.155012e+004	1.664857e+004	
8.694363e+004	4.500509e+004	3.846466e+004	
1.553723e+005	9.558294e+004	8.626682e+004	
3.312720e+005	2.446828e+005	2.311884e+005	
6.338912e+005	5.388563e+005	5.240449e+005	
4.131471e+005	3.094543e+005	2.933257e+005	
1.865834e+005	1.272966e+005	1.180750e+005	
1.071491e+005	6.674248e+004	6.045765e+004	
7.269917e+004	4.029942e+004	3.525282e+004	
4.868432e+004	2.313282e+004	1.915148e+004	
3.953043e+004	2.156808e+004	1.877199e+004	
1.400373e+005	1.143039e+005	1.102901e+005	
1.633253e+005	1.271889e+005	1.215524e+005	
1.958327e+005	1.485315e+005	1.411535e+005	
2.625165e+005	1.965229e+005	1.862293e+005	
4.600417e+005	3.727747e+005	3.591630e+005	
6.820315e+005	6.050989e+005	5.930988e+005	
5.560749e+005	5.130288e+005	5.063146e+005	
4.279200e+005	3.885605e+005	3.824214e+005	
3.634749e+005	3.308100e+005	3.257149e+005	
3.387303e+005	3.129322e+005	3.089083e+005	
3.266810e+005	3.059980e+005	3.027721e+005	
3.194833e+005	3.064116e+005	3.043728e+005	
4.713257e+005	4.149675e+005	4.061768e+005	
3.282527e+005	2.869471e+005	2.805043e+005	
2.776929e+005	2.482926e+005	2.437069e+005	
2.616915e+005	2.387394e+005	2.351594e+005	
2.501985e+005	2.303483e+005	2.272518e+005	
2.398853e+005	2.242971e+005	2.218656e+005	
4.286997e+005	3.327949e+005	3.178452e+005	
2.524159e+005	1.960908e+005	1.873177e+005	
1.865952e+005	1.459621e+005	1.396393e+005	
1.519660e+005	1.203573e+005	1.154360e+005	
1.266643e+005	1.018557e+005	9.799030e+004	
1.113930e+005	9.244948e+004	8.949852e+004	
4.941724e+005	4.315908e+005	4.219059e+005	
3.738758e+005	3.233222e+005	3.154810e+005	
3.251793e+005	2.844931e+005	2.781833e+005	
2.909437e+005	2.553234e+005	2.497938e+005	
2.778480e+005	2.481088e+005	2.434958e+005	
2.655629e+005	2.425177e+005	2.389393e+005	
4.578997e+005	3.391748e+005	3.208133e+005	
2.229535e+005	1.272717e+005	1.124628e+005	
1.430175e+005	6.237231e+004	4.987434e+004	
1.117014e+005	4.239762e+004	3.165251e+004	
8.816130e+004	2.914229e+004	2.000255e+004	
5.960670e+004	1.781527e+004	1.134509e+004	
5.388301e+005	4.163431e+005	3.973679e+005	
2.934018e+005	1.753828e+005	1.571159e+005	
1.915884e+005	8.878645e+004	7.286463e+004	
1.462454e+005	5.450038e+004	4.030076e+004	
1.150340e+005	3.561532e+004	2.334358e+004	
7.822888e+004	2.327696e+004	1.478218e+004	
3.304061e+005	2.902516e+005	2.839987e+005	
3.721079e+005	3.172491e+005	3.087093e+005	
4.352450e+005	3.753634e+005	3.660397e+005	
5.085844e+005	4.433649e+005	4.332098e+005	
6.234604e+005	5.624230e+005	5.529205e+005	
6.967181e+005	6.478489e+005	6.402421e+005	
5.989735e+005	5.985449e+005	5.984781e+005	
5.953945e+005	5.945399e+005	5.944066e+005	
6.000123e+005	5.995556e+005	5.994844e+005	
5.951711e+005	5.946741e+005	5.945967e+005	
5.972945e+005	5.972361e+005	5.972270e+005	
6.005070e+005	6.002994e+005	6.002671e+005	
6.048648e+005	6.044739e+005	6.044129e+005	
6.036128e+005	6.034926e+005	6.034739e+005	
5.946164e+005	5.944643e+005	5.944405e+005	
6.023462e+005	6.022579e+005	6.022442e+005	
6.051664e+005	6.051664e+005	6.051664e+005	
6.051664e+005	6.051664e+005	6.051664e+005	
5.989100e+005	5.987221e+005	5.986928e+005	
6.008674e+005	6.006461e+005	6.006116e+005	
6.022716e+005	6.022716e+005	6.022716e+005	
6.025814e+005	6.024486e+005	6.024279e+005	
6.012425e+005	6.010978e+005	6.010752e+005	
6.036209e+005	6.036209e+005	6.036209e+005	
4.297878e+005	3.851569e+005	3.782229e+005	
4.580239e+005	3.971155e+005	3.876228e+005	
5.173632e+005	4.450109e+005	4.337271e+005	
5.826821e+005	5.059045e+005	4.939358e+005	
6.516756e+005	5.793569e+005	5.680990e+005	
7.051818e+005	6.406308e+005	6.305694e+005	
4.389434e+005	3.173876e+005	2.984351e+005	
2.838938e+005	1.782676e+005	1.617986e+005	
2.183322e+005	1.295391e+005	1.157028e+005	
1.777481e+005	1.014397e+005	8.954691e+004	
1.533108e+005	8.997098e+004	8.009843e+004	
1.259232e+005	8.008555e+004	7.295286e+004	
2.367516e+005	1.754009e+005	1.658822e+005	
2.922337e+005	2.178295e+005	2.062504e+005	
3.444824e+005	2.575793e+005	2.440627e+005	
4.074018e+005	3.136022e+005	2.990008e+005	
5.169398e+005	4.177915e+005	4.023341e+005	
6.819895e+005	5.876004e+005	5.728981e+005	
5.150617e+005	4.223085e+005	4.079692e+005	
3.773019e+005	3.057814e+005	2.947451e+005	
3.313216e+005	2.726212e+005	2.635898e+005	
3.070853e+005	2.596486e+005	2.523186e+005	
2.816379e+005	2.420635e+005	2.359440e+005	
2.693414e+005	2.412601e+005	2.369332e+005	
3.072966e+005	2.546374e+005	2.464552e+005	
3.742261e+005	3.026931e+005	2.915546e+005	
4.491542e+005	3.642071e+005	3.509816e+005	
5.417305e+005	4.463523e+005	4.314807e+005	
6.534831e+005	5.615472e+005	5.472138e+005	
7.190941e+005	6.396659e+005	6.272823e+005	
6.462341e+005	5.656629e+005	5.531090e+005	
5.209687e+005	4.353228e+005	4.219664e+005	
4.113377e+005	3.323826e+005	3.200727e+005	
3.332415e+005	2.664331e+005	2.560253e+005	
2.610612e+005	2.063214e+005	1.977975e+005	
2.183776e+005	1.738712e+005	1.669370e+005	
6.051754e+005	5.204767e+005	5.072701e+005	
4.495178e+005	3.654044e+005	3.522888e+005	
3.534781e+005	2.761314e+005	2.640696e+005	
2.824318e+005	2.166215e+005	2.063563e+005	
2.289774e+005	1.784668e+005	1.705912e+005	
1.948656e+005	1.541913e+005	1.478513e+005	
6.042555e+004	2.303840e+004	1.720679e+004	
7.838177e+004	3.134434e+004	2.400751e+004	
1.058202e+005	4.581171e+004	3.645167e+004	
1.482339e+005	7.093514e+004	5.887815e+004	
2.822178e+005	1.786743e+005	1.625238e+005	
6.265911e+005	5.142124e+005	4.966832e+005	
4.272510e+005	3.388604e+005	3.251113e+005	
2.433410e+005	1.857210e+005	1.767672e+005	
1.773450e+005	1.336571e+005	1.268476e+005	
1.374709e+005	1.021299e+005	9.662770e+004	
1.158791e+005	8.833552e+004	8.404429e+004	
9.637724e+004	7.514102e+004	7.183502e+004	
5.241258e+005	4.444475e+005	4.320702e+005	
3.787280e+005	3.092340e+005	2.984286e+005	
3.019468e+005	2.404215e+005	2.308536e+005	
2.485035e+005	1.974019e+005	1.894602e+005	
2.085783e+005	1.664755e+005	1.599301e+005	
1.827769e+005	1.486933e+005	1.433895e+005	
3.596957e+005	2.671807e+005	2.528381e+005	
2.115693e+005	1.572022e+005	1.487475e+005	
1.619830e+005	1.175617e+005	1.106616e+005	
1.318911e+005	9.603521e+004	9.046213e+004	
1.060654e+005	7.722402e+004	7.275134e+004	
8.947527e+004	6.652294e+004	6.296372e+004	
1.621628e+005	1.305072e+005	1.256644e+005	
1.894922e+005	1.473315e+005	1.408569e+005	
2.389033e+005	1.879799e+005	1.801389e+005	
3.020107e+005	2.377160e+005	2.278266e+005	
4.433501e+005	3.596596e+005	3.467322e+005	
6.374508e+005	5.390156e+005	5.237288e+005	
4.279063e+005	2.955096e+005	2.750748e+005	
2.075013e+005	1.064018e+005	9.090167e+004	
1.332443e+005	5.422572e+004	4.213078e+004	
9.828812e+004	3.711899e+004	2.772478e+004	
7.760820e+004	2.811585e+004	2.055377e+004	
5.521480e+004	1.990170e+004	1.449758e+004	
2.349636e+005	1.825895e+005	1.744984e+005	
2.981678e+005	2.298609e+005	2.192995e+005	
3.759383e+005	2.933453e+005	2.805568e+005	
4.720340e+005	3.810454e+005	3.669833e+005	
6.110435e+005	5.201472e+005	5.061100e+005	
7.061935e+005	6.242630e+005	6.115743e+005	
6.379701e+005	5.704840e+005	5.599625e+005	
5.093145e+005	4.324632e+005	4.204759e+005	
4.026953e+005	3.291096e+005	3.176426e+005	
3.287553e+005	2.668128e+005	2.571572e+005	
2.610726e+005	2.129217e+005	2.054112e+005	
2.302192e+005	1.922315e+005	1.863172e+005	
6.439988e+005	5.747134e+005	5.639060e+005	
5.228468e+005	4.448978e+005	4.327395e+005	
4.076107e+005	3.337876e+005	3.222728e+005	
3.302150e+005	2.668490e+005	2.569652e+005	
2.678778e+005	2.174696e+005	2.096110e+005	
2.285671e+005	1.889455e+005	1.827654e+005	
6.428951e+005	5.718517e+005	5.607709e+005	
5.235960e+005	4.440594e+005	4.316533e+005	
4.190566e+005	3.428770e+005	3.309946e+005	
3.308641e+005	2.642618e+005	2.538744e+005	
2.621882e+005	2.100583e+005	2.019301e+005	
2.357056e+005	1.941812e+005	1.877043e+005	
5.998698e+005	5.998698e+005	5.998698e+005	
6.014347e+005	6.013119e+005	6.012928e+005	
5.954153e+005	5.954153e+005	5.954153e+005	
6.016411e+005	6.016411e+005	6.016411e+005	
5.979717e+005	5.979717e+005	5.979717e+005	
6.001919e+005	6.001919e+005	6.001919e+005	
6.056331e+005	6.055034e+005	6.054832e+005	
6.059071e+005	6.059071e+005	6.059071e+005	
5.983826e+005	5.983826e+005	5.983826e+005	
6.034156e+005	6.034156e+005	6.034156e+005	
5.997196e+005	5.997196e+005	5.997196e+005	
5.997196e+005	5.997196e+005	5.997196e+005	
6.056486e+005	6.055189e+005	6.054987e+005	
6.059071e+005	6.059071e+005	6.059071e+005	
5.983826e+005	5.983826e+005	5.983826e+005	
6.027126e+005	6.027126e+005	6.027126e+005	
5.997196e+005	5.997196e+005	5.997196e+005	
5.989459e+005	5.989459e+005	5.989459e+005	
4.492526e+005	4.043121e+005	3.973720e+005	
4.801274e+005	4.219907e+005	4.130015e+005	
5.209059e+005	4.578658e+005	4.480999e+005	
5.577589e+005	4.901121e+005	4.796342e+005	
6.269389e+005	5.662315e+005	5.568296e+005	
6.802591e+005	6.311406e+005	6.235494e+005	
3.829063e+005	2.337153e+005	2.104471e+005	
2.384625e+005	1.011249e+005	7.970670e+004	
1.837950e+005	6.177447e+004	4.274616e+004	
1.626848e+005	4.888704e+004	3.113884e+004	
1.387924e+005	3.589770e+004	1.984991e+004	
1.062893e+005	3.107511e+004	1.934838e+004	
2.000853e+005	1.525503e+005	1.451928e+005	
2.365118e+005	1.772834e+005	1.681132e+005	
2.760592e+005	2.109958e+005	2.009092e+005	
3.220162e+005	2.508773e+005	2.398638e+005	
4.123791e+005	3.315561e+005	3.190180e+005	
5.981736e+005	5.086099e+005	4.947014e+005	
4.364370e+005	4.229291e+005	4.208687e+005	
4.505829e+005	4.321253e+005	4.293307e+005	
4.742008e+005	4.540933e+005	4.510342e+005	
5.062398e+005	4.818894e+005	4.781653e+005	
5.783241e+005	5.464727e+005	5.415796e+005	
6.817486e+005	6.438930e+005	6.380561e+005	
3.275078e+005	3.029595e+005	2.992145e+005	
3.412247e+005	3.109027e+005	3.062547e+005	
3.701093e+005	3.344219e+005	3.289330e+005	
4.053692e+005	3.657718e+005	3.596583e+005	
4.810728e+005	4.289158e+005	4.208725e+005	
6.605946e+005	5.931316e+005	5.826925e+005	
3.415763e+005	2.698980e+005	2.588160e+005	
2.568435e+005	2.054907e+005	1.975855e+005	
2.236479e+005	1.792718e+005	1.724598e+005	
2.085822e+005	1.678907e+005	1.616453e+005	
2.007992e+005	1.663269e+005	1.610197e+005	
1.854256e+005	1.589044e+005	1.548100e+005	
1.475864e+005	4.705411e+004	3.149486e+004	
1.698427e+005	5.625877e+004	3.866657e+004	
1.782641e+005	6.080532e+004	4.263631e+004	
2.031447e+005	8.043375e+004	6.142797e+004	
2.839962e+005	1.479232e+005	1.268712e+005	
6.035561e+005	4.723197e+005	4.520357e+005	
6.029624e+005	5.715634e+005	5.668033e+005	
5.558331e+005	5.197750e+005	5.143094e+005	
5.274404e+005	4.923124e+005	4.870048e+005	
4.996423e+005	4.700737e+005	4.656168e+005	
4.895142e+005	4.655445e+005	4.619176e+005	
4.778397e+005	4.601957e+005	4.575227e+005	
6.130751e+005	5.811494e+005	5.763095e+005	
5.773599e+005	5.399053e+005	5.342280e+005	
5.508452e+005	5.141584e+005	5.086153e+005	
5.231438e+005	4.921843e+005	4.875178e+005	
5.136201e+005	4.884700e+005	4.846645e+005	
4.997748e+005	4.813209e+005	4.785251e+005	
1.724699e+005	1.385653e+005	1.333854e+005	
2.117848e+005	1.654495e+005	1.583433e+005	
2.613660e+005	2.059908e+005	1.975234e+005	
3.441255e+005	2.741367e+005	2.634183e+005	
5.200594e+005	4.340052e+005	4.208318e+005	
6.771459e+005	5.999181e+005	5.881093e+005	
4.021358e+005	3.017193e+005	2.861062e+005	
1.987155e+005	1.320042e+005	1.216162e+005	
1.162974e+005	7.019128e+004	6.300530e+004	
8.631543e+004	5.201940e+004	4.667433e+004	
6.624309e+004	3.945455e+004	3.527904e+004	
5.119004e+004	3.110274e+004	2.797205e+004	
4.741959e+004	2.253200e+004	1.868536e+004	
6.955487e+004	3.500155e+004	2.965862e+004	
1.148110e+005	7.068609e+004	6.387845e+004	
1.892532e+005	1.272780e+005	1.177305e+005	
3.769520e+005	2.869413e+005	2.730305e+005	
6.563160e+005	5.668454e+005	5.529992e+005	
4.589392e+005	3.654658e+005	3.509995e+005	
2.439432e+005	1.884875e+005	1.799311e+005	
1.685190e+005	1.346095e+005	1.294021e+005	
1.447978e+005	1.230002e+005	1.196738e+005	
1.158721e+005	1.004570e+005	9.810628e+004	
1.123080e+005	1.020221e+005	1.004452e+005	
1.345381e+005	9.699021e+004	9.114534e+004	
1.659726e+005	1.171684e+005	1.095785e+005	
2.059299e+005	1.487315e+005	1.398564e+005	
2.704239e+005	1.997507e+005	1.888296e+005	
4.397198e+005	3.450169e+005	3.303817e+005	
6.706608e+005	5.825518e+005	5.689323e+005	
6.310791e+005	5.639828e+005	5.535196e+005	
5.258746e+005	4.509805e+005	4.392989e+005	
4.479479e+005	3.773773e+005	3.663698e+005	
3.853612e+005	3.273582e+005	3.183110e+005	
3.352285e+005	2.910703e+005	2.841826e+005	
3.118792e+005	2.792469e+005	2.741570e+005	
6.351496e+005	5.851533e+005	5.773550e+005	
5.615501e+005	5.047738e+005	4.959179e+005	
5.118047e+005	4.595798e+005	4.514359e+005	
4.755108e+005	4.325073e+005	4.257999e+005	
4.343077e+005	4.009932e+005	3.957967e+005	
4.262000e+005	4.024428e+005	3.987372e+005	
6.394094e+005	6.012563e+005	5.953053e+005	
5.797718e+005	5.351065e+005	5.281396e+005	
5.496888e+005	5.062421e+005	4.994651e+005	
5.194239e+005	4.808562e+005	4.748404e+005	
5.069631e+005	4.761938e+005	4.713944e+005	
4.885546e+005	4.649866e+005	4.613105e+005	
6.370594e+005	6.262254e+005	6.245355e+005	
6.354625e+005	6.189216e+005	6.163413e+005	
6.417496e+005	6.237976e+005	6.209974e+005	
6.542828e+005	6.367509e+005	6.340159e+005	
6.571982e+005	6.417253e+005	6.393115e+005	
6.718299e+005	6.601538e+005	6.583325e+005	
4.097979e+005	2.693435e+005	2.474356e+005	
2.520729e+005	1.222119e+005	1.019563e+005	
2.275561e+005	1.028162e+005	8.335942e+004	
2.116566e+005	9.004824e+004	7.107994e+004	
1.940965e+005	8.177337e+004	6.425335e+004	
1.490741e+005	6.879227e+004	5.627004e+004	
5.343081e+005	3.939402e+005	3.720459e+005	
3.363438e+005	1.833191e+005	1.594505e+005	
2.861755e+005	1.381017e+005	1.150053e+005	
2.671647e+005	1.233598e+005	1.009294e+005	
2.428957e+005	1.135770e+005	9.340608e+004	
1.862999e+005	9.672657e+004	8.275502e+004	
4.615434e+005	4.408541e+005	4.378027e+005	
4.605370e+005	4.365210e+005	4.328668e+005	
4.709959e+005	4.435038e+005	4.393490e+005	
4.930715e+005	4.611586e+005	4.563146e+005	
5.681071e+005	5.232882e+005	5.164092e+005	
7.116814e+005	6.670992e+005	6.602178e+005	
1.484942e+005	1.300407e+005	1.272182e+005	
1.558390e+005	1.350536e+005	1.318546e+005	
1.601284e+005	1.371894e+005	1.336415e+005	
1.687356e+005	1.402711e+005	1.358903e+005	
2.032319e+005	1.610213e+005	1.544751e+005	
4.736861e+005	3.895758e+005	3.764813e+005	
6.136006e+005	5.681117e+005	5.611591e+005	
5.397728e+005	4.918268e+005	4.844977e+005	
5.261854e+005	4.795001e+005	4.723867e+005	
5.105984e+005	4.675229e+005	4.609468e+005	
4.935578e+005	4.561650e+005	4.504619e+005	
4.707340e+005	4.441104e+005	4.400310e+005	
5.591533e+005	4.983792e+005	4.889653e+005	
4.744684e+005	4.250798e+005	4.174267e+005	
4.473948e+005	4.041883e+005	3.975646e+005	
4.348370e+005	3.942409e+005	3.879920e+005	
4.257748e+005	3.860439e+005	3.799371e+005	
4.188599e+005	3.858673e+005	3.807867e+005	
6.588156e+005	6.582034e+005	6.581079e+005	
6.556556e+005	6.555774e+005	6.555653e+005	
6.601449e+005	6.599109e+005	6.598743e+005	
6.548419e+005	6.543711e+005	6.542976e+005	
6.542548e+005	6.537001e+005	6.536137e+005	
6.605202e+005	6.599304e+005	6.598384e+005	
3.647738e+005	2.555739e+005	2.385409e+005	
2.946812e+005	1.918772e+005	1.758420e+005	
2.817553e+005	1.801467e+005	1.642978e+005	
2.813116e+005	1.805017e+005	1.647774e+005	
2.778673e+005	1.789609e+005	1.635335e+005	
2.492057e+005	1.710347e+005	1.588417e+005	
4.954565e+005	4.602347e+005	4.547752e+005	
4.909487e+005	4.525692e+005	4.465972e+005	
4.935579e+005	4.565230e+005	4.507576e+005	
4.980118e+005	4.598958e+005	4.539688e+005	
5.081654e+005	4.644393e+005	4.576343e+005	
6.233464e+005	5.751422e+005	5.676306e+005	
5.029829e+005	4.178442e+005	4.046791e+005	
4.282731e+005	3.501925e+005	3.381077e+005	
4.161529e+005	3.402189e+005	3.284240e+005	
4.146115e+005	3.394228e+005	3.277518e+005	
4.177778e+005	3.428293e+005	3.312063e+005	
3.953456e+005	3.353614e+005	3.260583e+005	
6.562298e+005	6.562298e+005	6.562298e+005	
6.594088e+005	6.594088e+005	6.594088e+005	
6.587972e+005	6.587972e+005	6.587972e+005	
6.576292e+005	6.576292e+005	6.576292e+005	
6.599823e+005	6.599823e+005	6.599823e+005	
6.568124e+005	6.568124e+005	6.568124e+005	
6.296333e+005	5.725367e+005	5.636309e+005	
5.474190e+005	4.841404e+005	4.742705e+005	
4.868638e+005	4.268059e+005	4.174382e+005	
4.447271e+005	3.934652e+005	3.854694e+005	
4.002878e+005	3.610267e+005	3.549026e+005	
3.809067e+005	3.511953e+005	3.465608e+005	
6.366463e+005	5.636033e+005	5.522100e+005	
5.226135e+005	4.433087e+005	4.309388e+005	
4.280533e+005	3.550854e+005	3.437038e+005	
3.640585e+005	3.037683e+005	2.943643e+005	
3.174866e+005	2.729718e+005	2.660284e+005	
2.865228e+005	2.531490e+005	2.479434e+005	
6.333342e+005	5.564719e+005	5.444826e+005	
4.978729e+005	4.137445e+005	4.006221e+005	
4.034710e+005	3.277679e+005	3.159598e+005	
3.355267e+005	2.726955e+005	2.628952e+005	
2.755281e+005	2.280697e+005	2.206672e+005	
2.511680e+005	2.170869e+005	2.117709e+005	
5.781139e+005	5.544719e+005	5.507839e+005	
5.952208e+005	5.627400e+005	5.576738e+005	
6.092639e+005	5.738361e+005	5.683098e+005	
6.219766e+005	5.853728e+005	5.796632e+005	
6.520753e+005	6.187191e+005	6.135162e+005	
6.855573e+005	6.601908e+005	6.562339e+005	
3.860602e+005	2.257976e+005	2.008000e+005	
2.555876e+005	1.049225e+005	8.142190e+004	
2.254773e+005	7.859125e+004	5.568013e+004	
2.106495e+005	7.333141e+004	5.191275e+004	
1.954207e+005	6.389171e+004	4.337601e+004	
1.505150e+005	5.039184e+004	3.477473e+004	
3.194433e+005	2.818108e+005	2.760036e+005	
3.322092e+005	2.864143e+005	2.792996e+005	
3.397187e+005	2.882107e+005	2.802137e+005	
3.722960e+005	3.184067e+005	3.100153e+005	
4.257235e+005	3.619161e+005	3.520110e+005	
6.035091e+005	5.313204e+005	5.200850e+005	
5.254987e+005	5.158169e+005	5.143566e+005	
5.255708e+005	5.144635e+005	5.127663e+005	
5.401596e+005	5.274135e+005	5.254832e+005	
5.528252e+005	5.364054e+005	5.339063e+005	
5.956229e+005	5.698163e+005	5.658331e+005	
7.036533e+005	6.734949e+005	6.688406e+005	
4.247033e+005	4.046318e+005	4.015509e+005	
4.312333e+005	4.076518e+005	4.039988e+005	
4.422546e+005	4.156876e+005	4.115757e+005	
4.557512e+005	4.271442e+005	4.227032e+005	
4.981393e+005	4.561366e+005	4.496264e+005	
6.755769e+005	6.215810e+005	6.132145e+005	
3.524229e+005	2.700976e+005	2.573872e+005	
2.465737e+005	1.812501e+005	1.712210e+005	
2.179396e+005	1.564057e+005	1.470053e+005	
1.967263e+005	1.406248e+005	1.320450e+005	
1.790510e+005	1.289520e+005	1.212690e+005	
1.564370e+005	1.188361e+005	1.130687e+005	
1.509303e+005	3.881742e+004	2.143994e+004	
1.718879e+005	4.657138e+004	2.714996e+004	
1.884653e+005	5.738538e+004	3.709301e+004	
2.105656e+005	7.494159e+004	5.393075e+004	
2.897997e+005	1.435231e+005	1.208741e+005	
5.975833e+005	4.580674e+005	4.364540e+005	
6.293878e+005	5.792541e+005	5.716207e+005	
5.837520e+005	5.274817e+005	5.189363e+005	
5.521990e+005	4.932456e+005	4.842853e+005	
5.203380e+005	4.654670e+005	4.571087e+005	
4.949474e+005	4.489494e+005	4.419366e+005	
4.713062e+005	4.347958e+005	4.292253e+005	
6.447720e+005	5.934129e+005	5.855929e+005	
6.128395e+005	5.537653e+005	5.447941e+005	
5.846168e+005	5.222024e+005	5.127161e+005	
5.504499e+005	4.924035e+005	4.835615e+005	
5.217870e+005	4.732947e+005	4.659016e+005	
4.961097e+005	4.576779e+005	4.518141e+005	
6.549201e+005	6.522966e+005	6.519078e+005	
6.549176e+005	6.514886e+005	6.509769e+005	
6.575365e+005	6.542480e+005	6.537641e+005	
6.592883e+005	6.553602e+005	6.547774e+005	
6.583839e+005	6.552289e+005	6.547588e+005	
6.635786e+005	6.606426e+005	6.602087e+005	
4.390353e+005	3.383745e+005	3.227562e+005	
3.205225e+005	2.213241e+005	2.059270e+005	
3.007289e+005	2.038430e+005	1.888250e+005	
2.899693e+005	1.948077e+005	1.800325e+005	
2.815450e+005	1.925983e+005	1.787934e+005	
2.487368e+005	1.830315e+005	1.728459e+005	
4.705836e+005	4.403899e+005	4.357497e+005	
4.782313e+005	4.450284e+005	4.398967e+005	
4.817080e+005	4.473314e+005	4.420400e+005	
4.812507e+005	4.442285e+005	4.385109e+005	
5.260185e+005	4.817784e+005	4.749163e+005	
6.463010e+005	6.020018e+005	5.951133e+005	
5.236916e+005	4.254823e+005	4.102593e+005	
4.079096e+005	3.177545e+005	3.037966e+005	
3.854158e+005	3.003778e+005	2.872167e+005	
3.784950e+005	2.947891e+005	2.818410e+005	
3.746677e+005	2.939439e+005	2.814580e+005	
3.483707e+005	2.871817e+005	2.777344e+005	
6.538564e+005	6.477588e+005	6.468541e+005	
6.530308e+005	6.449838e+005	6.437930e+005	
6.638524e+005	6.545488e+005	6.531869e+005	
6.671974e+005	6.583549e+005	6.570544e+005	
6.645631e+005	6.566183e+005	6.554468e+005	
6.704243e+005	6.644693e+005	6.635939e+005	
6.335784e+005	5.444312e+005	5.311196e+005	
5.075560e+005	4.066729e+005	3.915423e+005	
4.050113e+005	3.087933e+005	2.944086e+005	
3.262576e+005	2.426059e+005	2.300942e+005	
2.652687e+005	1.998105e+005	1.900312e+005	
2.398150e+005	1.888314e+005	1.812086e+005	
6.421233e+005	5.528937e+005	5.394751e+005	
5.130456e+005	4.079645e+005	3.921908e+005	
4.139975e+005	3.103553e+005	2.948429e+005	
3.345857e+005	2.426585e+005	2.288691e+005	
2.782299e+005	2.059030e+005	1.950321e+005	
2.400776e+005	1.841274e+005	1.757319e+005	
6.376156e+005	5.464231e+005	5.327803e+005	
5.182085e+005	4.100841e+005	3.939351e+005	
4.151098e+005	3.070990e+005	2.909889e+005	
3.358667e+005	2.371141e+005	2.223364e+005	
2.804673e+005	2.012784e+005	1.893940e+005	
2.442566e+005	1.844296e+005	1.754508e+005	
2.321924e+005	1.854571e+005	1.782502e+005	
3.049479e+005	2.444288e+005	2.350989e+005	
3.941970e+005	3.227474e+005	3.117002e+005	
4.954617e+005	4.153611e+005	4.029893e+005	
6.293572e+005	5.523519e+005	5.404414e+005	
7.018353e+005	6.335261e+005	6.229605e+005	
3.953285e+005	2.666759e+005	2.466086e+005	
2.005821e+005	9.941972e+004	8.364054e+004	
1.340443e+005	5.460899e+004	4.221878e+004	
9.823644e+004	3.579876e+004	2.605980e+004	
7.170395e+004	2.556312e+004	1.836614e+004	
4.966846e+004	1.908000e+004	1.430886e+004	
5.120488e+005	3.819947e+005	3.617091e+005	
2.719213e+005	1.496332e+005	1.305589e+005	
1.787873e+005	8.140241e+004	6.621245e+004	
1.297505e+005	5.354944e+004	4.166368e+004	
8.938108e+004	3.297644e+004	2.417851e+004	
6.178910e+004	2.527165e+004	1.957569e+004	
1.072403e+005	8.799908e+004	8.506096e+004	
1.387725e+005	1.125746e+005	1.085329e+005	
1.747192e+005	1.409188e+005	1.357039e+005	
2.362916e+005	1.922190e+005	1.854525e+005	
3.572361e+005	2.904023e+005	2.800059e+005	
6.606021e+005	5.735048e+005	5.599614e+005	
2.327561e+005	1.953158e+005	1.896045e+005	
2.916763e+005	2.428758e+005	2.354251e+005	
3.629169e+005	3.042720e+005	2.952934e+005	
4.484163e+005	3.799284e+005	3.694251e+005	
5.863884e+005	5.055049e+005	4.930367e+005	
7.198453e+005	6.455066e+005	6.340326e+005	
6.025194e+005	5.236915e+005	5.117180e+005	
4.618070e+005	3.816872e+005	3.695202e+005	
3.668289e+005	2.947992e+005	2.839300e+005	
2.941721e+005	2.358519e+005	2.270480e+005	
2.350243e+005	1.879481e+005	1.808605e+005	
1.936625e+005	1.560270e+005	1.503902e+005	
5.440214e+005	4.545080e+005	4.408031e+005	
4.011567e+005	3.266925e+005	3.153430e+005	
3.080546e+005	2.462164e+005	2.368316e+005	
2.470901e+005	1.958526e+005	1.880906e+005	
2.024254e+005	1.616757e+005	1.555119e+005	
1.725881e+005	1.388669e+005	1.337829e+005	
1.390613e+005	1.088090e+005	1.041025e+005	
1.897688e+005	1.460624e+005	1.392733e+005	
2.536860e+005	1.967287e+005	1.878548e+005	
3.706454e+005	2.986586e+005	2.874508e+005	
5.361621e+005	4.496827e+005	4.362144e+005	
6.951112e+005	6.182114e+005	6.062364e+005	
3.510087e+005	2.400880e+005	2.227864e+005	
1.947914e+005	1.201062e+005	1.084569e+005	
1.309938e+005	7.598526e+004	6.740511e+004	
9.664778e+004	5.443875e+004	4.785507e+004	
7.287607e+004	4.050049e+004	3.545058e+004	
5.286888e+004	3.000431e+004	2.643792e+004	
6.556305e+004	3.507255e+004	3.032183e+004	
1.086087e+005	6.634940e+004	5.976450e+004	
1.598586e+005	1.045841e+005	9.597118e+004	
2.477103e+005	1.750352e+005	1.637187e+005	
4.092534e+005	3.139187e+005	2.990645e+005	
6.465483e+005	5.497303e+005	5.346295e+005	
4.465604e+005	3.508641e+005	3.360589e+005	
2.813969e+005	2.191580e+005	2.095328e+005	
2.126928e+005	1.703503e+005	1.638060e+005	
1.672841e+005	1.372286e+005	1.326001e+005	
1.403257e+005	1.196107e+005	1.164161e+005	
1.257981e+005	1.098038e+005	1.073344e+005	
1.768645e+005	1.377382e+005	1.316444e+005	
2.211710e+005	1.690190e+005	1.608860e+005	
2.706938e+005	2.074221e+005	1.975584e+005	
3.703754e+005	2.940113e+005	2.821120e+005	
5.441859e+005	4.576422e+005	4.441555e+005	
7.058569e+005	6.259158e+005	6.134512e+005	
1.788224e+005	1.442402e+005	1.389613e+005	
2.130726e+005	1.622510e+005	1.544769e+005	
2.619521e+005	1.956039e+005	1.854626e+005	
3.616751e+005	2.761994e+005	2.631210e+005	
5.410827e+005	4.429646e+005	4.280013e+005	
7.168168e+005	6.336233e+005	6.209165e+005	
3.775468e+005	2.732348e+005	2.571328e+005	
2.210737e+005	1.515795e+005	1.409169e+005	
1.552411e+005	1.054365e+005	9.782502e+004	
1.205181e+005	8.120206e+004	7.524204e+004	
8.920686e+004	6.067455e+004	5.637891e+004	
7.266078e+004	5.057177e+004	4.722347e+004	
6.268059e+004	3.529614e+004	3.111913e+004	
9.090394e+004	5.120860e+004	4.514451e+004	
1.312810e+005	7.676860e+004	6.842317e+004	
2.168770e+005	1.432153e+005	1.319270e+005	
3.968558e+005	3.047513e+005	2.906402e+005	
6.570046e+005	5.621774e+005	5.475911e+005	
4.326657e+005	3.214117e+005	3.041494e+005	
2.245603e+005	1.531479e+005	1.420871e+005	
1.434222e+005	9.294768e+004	8.513049e+004	
8.841380e+004	5.053647e+004	4.466812e+004	
6.608186e+004	3.928970e+004	3.513751e+004	
5.087966e+004	3.165228e+004	2.866948e+004	
1.190269e+005	7.668248e+004	7.025248e+004	
1.672115e+005	1.079618e+005	9.895670e+004	
2.450967e+005	1.705067e+005	1.591491e+005	
3.569571e+005	2.660173e+005	2.521702e+005	
5.492543e+005	4.533200e+005	4.386895e+005	
7.211318e+005	6.400210e+005	6.276963e+005	
5.748223e+005	4.948735e+005	4.826654e+005	
3.948238e+005	3.153372e+005	3.032116e+005	
2.990191e+005	2.303998e+005	2.199943e+005	
2.312105e+005	1.719680e+005	1.629984e+005	
1.869731e+005	1.412039e+005	1.342922e+005	
1.514889e+005	1.143257e+005	1.087370e+005	
4.855596e+005	4.001639e+005	3.870394e+005	
3.098712e+005	2.387743e+005	2.279222e+005	
2.244554e+005	1.664221e+005	1.575891e+005	
1.727703e+005	1.245243e+005	1.172275e+005	
1.346484e+005	9.793312e+004	9.238647e+004	
1.057100e+005	7.466495e+004	6.996817e+004	
4.352100e+005	3.398228e+005	3.250631e+005	
2.610174e+005	2.037805e+005	1.949750e+005	
1.846185e+005	1.442933e+005	1.381184e+005	
1.421163e+005	1.116390e+005	1.069974e+005	
1.209699e+005	9.901034e+004	9.565942e+004	
9.559089e+004	7.845600e+004	7.584456e+004	
5.152623e+005	4.283316e+005	4.150473e+005	
3.710642e+005	2.956581e+005	2.842196e+005	
2.799795e+005	2.140271e+005	2.040824e+005	
2.106699e+005	1.553337e+005	1.470000e+005	
1.780205e+005	1.338763e+005	1.272407e+005	
1.449543e+005	1.092535e+005	1.038797e+005	
4.511683e+005	3.359249e+005	3.181117e+005	
2.200801e+005	1.317998e+005	1.182089e+005	
1.329894e+005	6.583441e+004	5.549856e+004	
9.113503e+004	3.955954e+004	3.161814e+004	
6.632095e+004	2.777901e+004	2.184435e+004	
4.506532e+004	1.955979e+004	1.564715e+004	
1.874759e+005	1.268804e+005	1.174556e+005	
1.216323e+005	7.605399e+004	6.898477e+004	
7.082913e+004	3.761540e+004	3.246157e+004	
5.555656e+004	2.985104e+004	2.587304e+004	
3.854961e+004	2.128096e+004	1.860678e+004	
2.617802e+004	1.468178e+004	1.290485e+004	
2.221199e+005	1.763039e+005	1.693765e+005	
2.844310e+005	2.231844e+005	2.139214e+005	
3.680826e+005	2.936544e+005	2.823831e+005	
4.878837e+005	4.058759e+005	3.934406e+005	
6.400133e+005	5.617727e+005	5.499000e+005	
7.271733e+005	6.597369e+005	6.495442e+005	
6.199898e+005	5.562708e+005	5.464785e+005	
5.187060e+005	4.500278e+005	4.394540e+005	
4.340477e+005	3.674083e+005	3.571438e+005	
3.515045e+005	2.918301e+005	2.826510e+005	
2.995153e+005	2.512627e+005	2.438846e+005	
2.620355e+005	2.231423e+005	2.171782e+005	
6.233148e+005	5.595568e+005	5.498054e+005	
5.336064e+005	4.638744e+005	4.531951e+005	
4.469779e+005	3.788474e+005	3.684037e+005	
3.720136e+005	3.116321e+005	3.023993e+005	
3.110845e+005	2.628747e+005	2.555042e+005	
2.751572e+005	2.353795e+005	2.293019e+005	
6.291616e+005	5.642745e+005	5.543654e+005	
5.291747e+005	4.568711e+005	4.458640e+005	
4.482866e+005	3.787268e+005	3.681342e+005	
3.842734e+005	3.231895e+005	3.139014e+005	
3.199611e+005	2.704128e+005	2.628558e+005	
2.868482e+005	2.467446e+005	2.406570e+005	
2.015274e+005	1.615282e+005	1.553846e+005	
3.666652e+005	3.084883e+005	2.995408e+005	
5.489164e+005	4.250999e+005	4.058519e+005	
6.520284e+005	5.069649e+005	4.843451e+005	
7.317739e+005	6.052082e+005	5.854709e+005	
7.719280e+005	6.620497e+005	6.449113e+005	
4.602593e+005	3.279199e+005	3.072803e+005	
3.172993e+005	1.938573e+005	1.746094e+005	
2.574007e+005	1.502211e+005	1.335270e+005	
1.942985e+005	1.197243e+005	1.081677e+005	
1.334598e+005	8.666475e+004	7.942359e+004	
8.651191e+004	5.878259e+004	5.452448e+004	
1.859015e+005	1.565478e+005	1.520828e+005	
3.184828e+005	2.699366e+005	2.625016e+005	
4.460412e+005	3.464706e+005	3.310243e+005	
5.334358e+005	4.011805e+005	3.806235e+005	
6.020937e+005	4.677091e+005	4.467829e+005	
7.419585e+005	6.161505e+005	5.965469e+005	
5.299469e+005	4.083151e+005	3.895102e+005	
3.838505e+005	2.729035e+005	2.557201e+005	
3.109227e+005	2.126142e+005	1.973710e+005	
2.310433e+005	1.567861e+005	1.452946e+005	
1.537206e+005	1.024410e+005	9.450684e+004	
1.031411e+005	7.240462e+004	6.766033e+004	
1.904524e+005	1.529642e+005	1.473002e+005	
4.021831e+005	3.473754e+005	3.391094e+005	
6.211141e+005	4.785487e+005	4.563931e+005	
7.214484e+005	5.621094e+005	5.372815e+005	
7.607629e+005	6.299035e+005	6.095041e+005	
7.837688e+005	6.667336e+005	6.484783e+005	
6.507531e+005	5.754278e+005	5.636821e+005	
5.426099e+005	4.631238e+005	4.507315e+005	
4.493102e+005	3.690324e+005	3.565334e+005	
3.574497e+005	2.909397e+005	2.805818e+005	
2.711443e+005	2.163605e+005	2.078347e+005	
2.220498e+005	1.795277e+005	1.729164e+005	
6.729771e+005	6.000879e+005	5.887241e+005	
5.744556e+005	4.926210e+005	4.798585e+005	
4.967258e+005	4.087853e+005	3.950921e+005	
3.828438e+005	3.170822e+005	3.068594e+005	
2.908933e+005	2.379646e+005	2.297585e+005	
2.429958e+005	2.020437e+005	1.956851e+005	
6.699264e+004	2.361332e+004	1.684707e+004	
8.871245e+004	3.043785e+004	2.134823e+004	
1.177639e+005	4.631053e+004	3.516532e+004	
1.676029e+005	7.928955e+004	6.551457e+004	
2.933617e+005	1.807149e+005	1.631445e+005	
6.373949e+005	5.210130e+005	5.028603e+005	
4.349269e+005	3.413278e+005	3.267834e+005	
2.609145e+005	1.962182e+005	1.861319e+005	
1.933150e+005	1.399320e+005	1.316265e+005	
1.520670e+005	1.067479e+005	9.968656e+004	
1.152600e+005	7.814384e+004	7.236794e+004	
9.088122e+004	6.353604e+004	5.928557e+004	
5.349320e+005	4.531433e+005	4.404150e+005	
3.877933e+005	3.221887e+005	3.119826e+005	
3.268777e+005	2.700332e+005	2.611863e+005	
2.718393e+005	2.252848e+005	2.180473e+005	
2.212366e+005	1.841401e+005	1.783789e+005	
1.799628e+005	1.499210e+005	1.452595e+005	
4.760392e+005	3.790207e+005	3.639432e+005	
3.585197e+005	2.869557e+005	2.758656e+005	
2.891337e+005	2.315209e+005	2.226052e+005	
2.478624e+005	2.053131e+005	1.987326e+005	
2.038333e+005	1.703112e+005	1.651338e+005	
1.699593e+005	1.438863e+005	1.398529e+005	
1.782430e+005	1.474346e+005	1.427320e+005	
2.295488e+005	1.876365e+005	1.812095e+005	
2.820323e+005	2.228897e+005	2.137917e+005	
3.501051e+005	2.723782e+005	2.604062e+005	
4.589094e+005	3.610717e+005	3.459642e+005	
6.680307e+005	5.548176e+005	5.372818e+005	
4.372571e+005	2.975130e+005	2.759638e+005	
2.285693e+005	1.162435e+005	9.893637e+004	
1.577027e+005	6.613556e+004	5.202515e+004	
1.234454e+005	5.004024e+004	3.873037e+004	
9.399480e+004	3.558501e+004	2.658904e+004	
6.165832e+004	2.142852e+004	1.523648e+004	
3.135477e+005	2.731924e+005	2.670043e+005	
3.956918e+005	3.405084e+005	3.320506e+005	
4.704359e+005	3.949095e+005	3.832926e+005	
5.598438e+005	4.654707e+005	4.509503e+005	
6.697711e+005	5.736099e+005	5.588048e+005	
7.411015e+005	6.505866e+005	6.366187e+005	
6.617176e+005	5.897499e+005	5.785240e+005	
5.188585e+005	4.389545e+005	4.264912e+005	
4.040293e+005	3.261938e+005	3.140532e+005	
3.318707e+005	2.637854e+005	2.531656e+005	
2.733796e+005	2.218413e+005	2.138024e+005	
2.363139e+005	1.964298e+005	1.902087e+005	
6.748777e+005	6.019463e+005	5.905701e+005	
5.452501e+005	4.632296e+005	4.504362e+005	
4.145136e+005	3.292119e+005	3.159065e+005	
3.135074e+005	2.391077e+005	2.275030e+005	
2.496240e+005	1.922504e+005	1.833014e+005	
2.049578e+005	1.609255e+005	1.540574e+005	
6.799789e+005	6.064963e+005	5.950341e+005	
5.531927e+005	4.709400e+005	4.581105e+005	
4.191053e+005	3.329661e+005	3.195352e+005	
3.271758e+005	2.514888e+005	2.396832e+005	
2.492433e+005	1.896816e+005	1.803913e+005	
2.059016e+005	1.587077e+005	1.513550e+005	
2.822776e+005	2.227219e+005	2.135535e+005	
3.560845e+005	2.846537e+005	2.736921e+005	
6.333024e+005	4.922814e+005	4.704359e+005	
7.058477e+005	5.736104e+005	5.531533e+005	
7.619339e+005	6.534653e+005	6.366968e+005	
8.105280e+005	6.951417e+005	6.773038e+005	
4.549969e+005	3.044862e+005	2.810806e+005	
3.570553e+005	2.040378e+005	1.802269e+005	
3.366793e+005	1.754480e+005	1.503706e+005	
0.000000e+000	0.000000e+000	0.000000e+000	
0.000000e+000	0.000000e+000	0.000000e+000	
0.000000e+000	0.000000e+000	0.000000e+000	
0.000000e+000	0.000000e+000	0.000000e+000	
0.000000e+000	0.000000e+000	0.000000e+000	
5.367372e+005	3.817579e+005	3.577745e+005	
5.479547e+005	4.110021e+005	3.898236e+005	
5.763734e+005	4.531080e+005	4.340586e+005	
7.132118e+005	5.943889e+005	5.760357e+005	
4.882866e+005	3.679746e+005	3.493393e+005	
3.711434e+005	2.637568e+005	2.471221e+005	
3.294856e+005	2.169671e+005	1.996060e+005	
0.000000e+000	0.000000e+000	0.000000e+000	
0.000000e+000	0.000000e+000	0.000000e+000	
0.000000e+000	0.000000e+000	0.000000e+000	
0.000000e+000	0.000000e+000	0.000000e+000	
0.000000e+000	0.000000e+000	0.000000e+000	
7.669592e+005	5.417134e+005	5.067341e+005	
7.688553e+005	5.952251e+005	5.682983e+005	
7.867860e+005	6.549233e+005	6.345388e+005	
7.994993e+005	6.869235e+005	6.695188e+005	
6.229193e+005	5.121058e+005	4.948589e+005	
4.697769e+005	3.335974e+005	3.124133e+005	
3.918216e+005	2.480761e+005	2.256901e+005	
2.159950e+005	1.647308e+005	1.567450e+005	
8.618939e+004	6.116664e+004	5.727699e+004	
5.607573e+004	3.870105e+004	3.599427e+004	
5.259086e+005	4.143858e+005	3.970203e+005	
3.677856e+005	2.571040e+005	2.398800e+005	
2.890030e+005	1.878692e+005	1.721319e+005	
1.889096e+005	1.323762e+005	1.236172e+005	
9.931169e+004	6.708527e+004	6.207441e+004	
7.089612e+004	5.058232e+004	4.742295e+004	
4.871239e+005	3.578107e+005	3.377629e+005	
3.408582e+005	2.423449e+005	2.271194e+005	
2.784289e+005	2.018102e+005	1.899997e+005	
2.016505e+005	1.700334e+005	1.652071e+005	
1.009595e+005	8.745491e+004	8.536177e+004	
5.551545e+004	4.842020e+004	4.732362e+004	
5.839588e+005	4.531914e+005	4.330035e+005	
4.691949e+005	3.330990e+005	3.120834e+005	
4.020470e+005	2.734414e+005	2.535655e+005	
2.657549e+005	2.148012e+005	2.069915e+005	
1.303626e+005	1.040651e+005	9.999516e+004	
7.489805e+004	5.707084e+004	5.431086e+004	
4.757706e+005	3.517298e+005	3.326068e+005	
2.529061e+005	1.484686e+005	1.324320e+005	
1.897720e+005	1.039487e+005	9.078642e+004	
1.366898e+005	7.630270e+004	6.697783e+004	
7.406455e+004	4.124940e+004	3.616880e+004	
3.364633e+004	1.771668e+004	1.525626e+004	
1.993826e+005	1.340015e+005	1.238419e+005	
1.472924e+005	8.517141e+004	7.552536e+004	
1.096957e+005	6.385148e+004	5.673811e+004	
8.746860e+004	4.863338e+004	4.259386e+004	
5.450540e+004	3.121761e+004	2.759311e+004	
2.821483e+004	1.567523e+004	1.372407e+004	
1.277373e+005	7.274420e+004	6.422102e+004	
3.504999e+005	2.842355e+005	2.740085e+005	
6.370587e+005	4.724368e+005	4.469395e+005	
7.119688e+005	5.424162e+005	5.161525e+005	
7.612653e+005	6.205083e+005	5.987092e+005	
8.375488e+005	6.826870e+005	6.587036e+005	
6.129816e+005	5.785404e+005	5.731694e+005	
5.774074e+005	5.354533e+005	5.289094e+005	
5.375339e+005	4.954452e+005	4.888820e+005	
5.156698e+005	4.781298e+005	4.722787e+005	
4.883370e+005	4.578979e+005	4.531507e+005	
4.653700e+005	4.363625e+005	4.318385e+005	
6.138214e+005	5.660583e+005	5.586090e+005	
5.653267e+005	5.098121e+005	5.011621e+005	
5.183651e+005	4.629702e+005	4.543327e+005	
4.778429e+005	4.290986e+005	4.214995e+005	
4.487080e+005	4.099444e+005	4.038991e+005	
4.222152e+005	3.899873e+005	3.849624e+005	
6.313923e+005	5.680308e+005	5.581522e+005	
5.530388e+005	4.776627e+005	4.659149e+005	
4.965149e+005	4.183141e+005	4.061274e+005	
4.443148e+005	3.765498e+005	3.660047e+005	
4.009087e+005	3.468875e+005	3.384783e+005	
3.655803e+005	3.262908e+005	3.201667e+005	
6.399523e+005	6.395643e+005	6.395038e+005	
6.366963e+005	6.364005e+005	6.363544e+005	
6.353536e+005	6.350308e+005	6.349804e+005	
6.493513e+005	6.488778e+005	6.488039e+005	
6.399995e+005	6.394627e+005	6.393789e+005	
6.406557e+005	6.404779e+005	6.404501e+005	
4.244256e+005	3.245318e+005	3.089505e+005	
3.062511e+005	2.076649e+005	1.922876e+005	
2.850799e+005	1.907918e+005	1.760850e+005	
2.794690e+005	1.870646e+005	1.726516e+005	
2.721048e+005	1.823049e+005	1.682980e+005	
2.398069e+005	1.737158e+005	1.634069e+005	
4.813767e+005	4.489350e+005	4.439561e+005	
4.819817e+005	4.467864e+005	4.413254e+005	
4.817518e+005	4.458633e+005	4.403114e+005	
4.865613e+005	4.486948e+005	4.428213e+005	
5.189328e+005	4.724585e+005	4.652313e+005	
6.359235e+005	5.914098e+005	5.844836e+005	
5.118688e+005	4.226459e+005	4.087997e+005	
4.162457e+005	3.340378e+005	3.213130e+005	
3.932516e+005	3.136588e+005	3.013438e+005	
3.910504e+005	3.138876e+005	3.019170e+005	
3.853894e+005	3.097098e+005	2.980053e+005	
3.624111e+005	3.065836e+005	2.979439e+005	
6.393501e+005	6.392540e+005	6.392390e+005	
6.370139e+005	6.370139e+005	6.370139e+005	
6.434374e+005	6.430744e+005	6.430179e+005	
6.381888e+005	6.376169e+005	6.375278e+005	
6.445998e+005	6.437727e+005	6.436437e+005	
6.453929e+005	6.445648e+005	6.444356e+005	
6.188768e+005	5.553028e+005	5.453867e+005	
5.081685e+005	4.342503e+005	4.227203e+005	
4.325121e+005	3.575018e+005	3.458018e+005	
3.687530e+005	2.989910e+005	2.881099e+005	
3.229696e+005	2.647324e+005	2.556486e+005	
2.985555e+005	2.528747e+005	2.457495e+005	
6.321183e+005	5.789529e+005	5.706602e+005	
5.427931e+005	4.808262e+005	4.711609e+005	
4.724024e+005	4.087364e+005	3.988057e+005	
4.104724e+005	3.519534e+005	3.428258e+005	
3.552737e+005	3.072789e+005	2.997928e+005	
3.330035e+005	2.937808e+005	2.876628e+005	
8.446220e+004	2.550963e+004	1.631427e+004	
1.014339e+005	2.962153e+004	1.842031e+004	
1.261202e+005	4.627396e+004	3.381965e+004	
1.656538e+005	7.490564e+004	6.075084e+004	
2.892654e+005	1.776549e+005	1.602460e+005	
6.323703e+005	5.157743e+005	4.975876e+005	
4.275727e+005	3.240574e+005	3.079578e+005	
2.504600e+005	1.696979e+005	1.571125e+005	
1.895157e+005	1.193787e+005	1.084482e+005	
1.457555e+005	8.312323e+004	7.337122e+004	
1.187098e+005	6.526408e+004	5.694061e+004	
9.020107e+004	4.842266e+004	4.190841e+004	
5.075651e+005	4.602968e+005	4.529642e+005	
3.945187e+005	3.564732e+005	3.505807e+005	
3.575883e+005	3.234475e+005	3.181572e+005	
3.438073e+005	3.129931e+005	3.082214e+005	
3.292362e+005	3.050864e+005	3.013571e+005	
3.101575e+005	2.903125e+005	2.872475e+005	
3.578301e+005	2.715375e+005	2.581730e+005	
2.178334e+005	1.668922e+005	1.589856e+005	
1.863768e+005	1.465705e+005	1.403877e+005	
1.550814e+005	1.200747e+005	1.146481e+005	
1.400896e+005	1.105732e+005	1.059958e+005	
1.269811e+005	1.044895e+005	1.010034e+005	
2.763875e+005	2.506946e+005	2.468677e+005	
2.743764e+005	2.417843e+005	2.368921e+005	
3.009651e+005	2.652842e+005	2.598777e+005	
3.338125e+005	2.889151e+005	2.821073e+005	
4.333037e+005	3.705618e+005	3.609525e+005	
6.204126e+005	5.454229e+005	5.338604e+005	
4.335355e+005	2.975283e+005	2.765013e+005	
2.367667e+005	1.218033e+005	1.040749e+005	
1.791737e+005	7.884875e+004	6.335920e+004	
1.591571e+005	6.533275e+004	5.086103e+004	
1.450833e+005	5.776628e+004	4.430593e+004	
1.139429e+005	4.854170e+004	3.847456e+004	
4.695515e+005	4.448143e+005	4.411781e+005	
4.834895e+005	4.520341e+005	4.473503e+005	
5.093148e+005	4.723570e+005	4.668042e+005	
5.402458e+005	4.984938e+005	4.922168e+005	
6.042653e+005	5.627536e+005	5.565116e+005	
6.662677e+005	6.321049e+005	6.269822e+005	
6.697318e+005	5.930484e+005	5.810999e+005	
5.532139e+005	4.689927e+005	4.558696e+005	
4.438298e+005	3.609271e+005	3.480169e+005	
3.657903e+005	2.932338e+005	2.819246e+005	
3.053556e+005	2.493474e+005	2.406357e+005	
2.663397e+005	2.227334e+005	2.159551e+005	
6.662864e+005	5.812924e+005	5.680464e+005	
5.436116e+005	4.518058e+005	4.375137e+005	
4.457279e+005	3.550649e+005	3.409427e+005	
3.617205e+005	2.833878e+005	2.711862e+005	
2.882645e+005	2.251918e+005	2.153603e+005	
2.414681e+005	1.939670e+005	1.865738e+005	
6.459929e+005	5.610099e+005	5.477544e+005	
5.264044e+005	4.288763e+005	4.136639e+005	
4.104960e+005	3.150712e+005	3.001869e+005	
3.376235e+005	2.529599e+005	2.397542e+005	
2.693067e+005	2.027471e+005	1.923652e+005	
2.268517e+005	1.767000e+005	1.688774e+005	
1.687928e+005	1.337052e+005	1.283727e+005	
2.594786e+005	2.073107e+005	1.993501e+005	
3.406565e+005	2.593806e+005	2.468835e+005	
4.421997e+005	3.347331e+005	3.181337e+005	
5.958677e+005	4.725232e+005	4.534413e+005	
7.502266e+005	6.455036e+005	6.293157e+005	
3.574926e+005	2.596479e+005	2.443864e+005	
2.006830e+005	1.390087e+005	1.293888e+005	
1.560010e+005	1.124891e+005	1.057022e+005	
1.321816e+005	9.988454e+004	9.484692e+004	
1.125489e+005	8.935214e+004	8.573402e+004	
1.107099e+005	9.648720e+004	9.426874e+004	
6.333577e+004	2.782291e+004	2.229625e+004	
9.070418e+004	4.023345e+004	3.238966e+004	
1.223564e+005	5.762117e+004	4.753448e+004	
1.992519e+005	1.153437e+005	1.022716e+005	
3.808821e+005	2.751527e+005	2.586880e+005	
6.598173e+005	5.515269e+005	5.346394e+005	
4.477013e+005	3.320895e+005	3.141307e+005	
2.720029e+005	1.998184e+005	1.886135e+005	
2.076955e+005	1.555248e+005	1.474200e+005	
1.673705e+005	1.335275e+005	1.282807e+005	
1.356662e+005	1.109830e+005	1.071506e+005	
8.944447e+004	7.128288e+004	6.846709e+004	
1.611552e+005	1.238347e+005	1.180320e+005	
2.049032e+005	1.513950e+005	1.430634e+005	
2.452347e+005	1.730868e+005	1.618430e+005	
3.264040e+005	2.294428e+005	2.143290e+005	
5.097113e+005	3.920885e+005	3.737494e+005	
7.301838e+005	6.296516e+005	6.139720e+005	
5.557783e+005	5.082456e+005	5.008317e+005	
4.106351e+005	3.641121e+005	3.568555e+005	
3.485874e+005	3.094631e+005	3.033605e+005	
3.176052e+005	2.872948e+005	2.825669e+005	
2.964731e+005	2.727516e+005	2.690516e+005	
2.846963e+005	2.672974e+005	2.645837e+005	
4.724208e+005	4.113446e+005	4.018180e+005	
3.291605e+005	2.832977e+005	2.761441e+005	
2.659900e+005	2.325454e+005	2.273286e+005	
2.385617e+005	2.113117e+005	2.070614e+005	
2.334830e+005	2.122908e+005	2.089851e+005	
2.194361e+005	2.012809e+005	1.984491e+005	
4.368796e+005	3.341303e+005	3.181324e+005	
2.448721e+005	1.773710e+005	1.668601e+005	
1.684516e+005	1.174346e+005	1.095001e+005	
1.201740e+005	7.990720e+004	7.363920e+004	
9.847504e+004	6.684558e+004	6.192065e+004	
7.226804e+004	4.714091e+004	4.322627e+004	
5.003928e+005	4.293379e+005	4.183263e+005	
3.676701e+005	3.066127e+005	2.971457e+005	
3.010314e+005	2.491963e+005	2.411704e+005	
2.641884e+005	2.194412e+005	2.124952e+005	
2.430413e+005	2.074393e+005	2.019124e+005	
2.246138e+005	1.971166e+005	1.928476e+005	
4.535485e+005	3.340914e+005	3.156590e+005	
2.138166e+005	1.206458e+005	1.062602e+005	
1.361035e+005	6.398322e+004	5.284622e+004	
9.559939e+004	3.559291e+004	2.631798e+004	
7.643575e+004	2.904789e+004	2.172453e+004	
5.012860e+004	1.745559e+004	1.240003e+004	
1.835439e+005	1.238282e+005	1.145364e+005	
1.148908e+005	6.551118e+004	5.783938e+004	
7.587661e+004	4.023746e+004	3.469801e+004	
5.299279e+004	2.490818e+004	2.054796e+004	
2.991621e+004	1.375193e+004	1.124725e+004	
2.091871e+004	6.884754e+003	4.707199e+003	
2.827453e+005	2.334929e+005	2.258228e+005	
3.377810e+005	2.733173e+005	2.632830e+005	
4.014905e+005	3.269965e+005	3.153999e+005	
4.881531e+005	4.102838e+005	3.981576e+005	
6.220901e+005	5.487431e+005	5.373198e+005	
7.177288e+005	6.576404e+005	6.482893e+005	
5.993903e+005	5.992140e+005	5.991864e+005	
5.924640e+005	5.920942e+005	5.920366e+005	
5.932070e+005	5.929076e+005	5.928609e+005	
5.990372e+005	5.987481e+005	5.987031e+005	
5.900793e+005	5.897131e+005	5.896561e+005	
5.939290e+005	5.938296e+005	5.938142e+005	
5.973199e+005	5.971115e+005	5.970790e+005	
5.927909e+005	5.923853e+005	5.923221e+005	
5.899647e+005	5.892333e+005	5.891193e+005	
5.963972e+005	5.963034e+005	5.962887e+005	
5.927663e+005	5.925987e+005	5.925725e+005	
5.872498e+005	5.872498e+005	5.872498e+005	
5.936825e+005	5.926281e+005	5.924636e+005	
5.876732e+005	5.864335e+005	5.862403e+005	
5.950241e+005	5.941556e+005	5.940200e+005	
5.894935e+005	5.887003e+005	5.885765e+005	
5.930884e+005	5.928608e+005	5.928253e+005	
5.902494e+005	5.900608e+005	5.900314e+005	
6.385491e+005	6.369660e+005	6.367256e+005	
6.455115e+005	6.439043e+005	6.436603e+005	
6.434443e+005	6.413120e+005	6.409883e+005	
6.422017e+005	6.400734e+005	6.397514e+005	
6.434241e+005	6.409308e+005	6.405519e+005	
6.455330e+005	6.438261e+005	6.435671e+005	
4.211307e+005	3.197998e+005	3.039941e+005	
3.071408e+005	2.096424e+005	1.944346e+005	
2.858481e+005	1.905621e+005	1.756994e+005	
2.766560e+005	1.847910e+005	1.704618e+005	
2.716162e+005	1.834288e+005	1.696733e+005	
2.381578e+005	1.733886e+005	1.632859e+005	
4.804218e+005	4.483965e+005	4.434649e+005	
4.880488e+005	4.541397e+005	4.488934e+005	
4.870376e+005	4.513231e+005	4.458090e+005	
4.904761e+005	4.521014e+005	4.461697e+005	
5.171169e+005	4.727703e+005	4.658627e+005	
6.458120e+005	6.026448e+005	5.959316e+005	
5.152684e+005	4.260798e+005	4.122460e+005	
4.184782e+005	3.361495e+005	3.234050e+005	
3.937528e+005	3.151213e+005	3.029456e+005	
3.916764e+005	3.143408e+005	3.023973e+005	
3.840193e+005	3.108349e+005	2.995091e+005	
3.572126e+005	3.021234e+005	2.936273e+005	
6.349348e+005	6.317640e+005	6.312830e+005	
6.325580e+005	6.285581e+005	6.279522e+005	
6.424413e+005	6.375828e+005	6.368494e+005	
6.402899e+005	6.357930e+005	6.351123e+005	
6.487256e+005	6.454569e+005	6.449658e+005	
6.404984e+005	6.374224e+005	6.369577e+005	
6.489344e+005	5.647771e+005	5.520231e+005	
5.556957e+005	4.600743e+005	4.456098e+005	
4.858922e+005	3.942602e+005	3.804023e+005	
4.154706e+005	3.352158e+005	3.230916e+005	
3.578903e+005	2.938175e+005	2.841687e+005	
3.203311e+005	2.686517e+005	2.608542e+005	
6.166398e+005	5.293914e+005	5.160940e+005	
4.676446e+005	3.673485e+005	3.521028e+005	
4.057086e+005	3.102744e+005	2.957941e+005	
3.528326e+005	2.691440e+005	2.564664e+005	
3.044582e+005	2.355012e+005	2.250427e+005	
2.545207e+005	2.006201e+005	1.924366e+005	
8.244048e+004	3.429382e+004	2.678744e+004	
1.007611e+005	4.106584e+004	3.175719e+004	
1.229448e+005	5.230901e+004	4.129544e+004	
1.602575e+005	7.601034e+004	6.287705e+004	
2.938453e+005	1.856771e+005	1.688100e+005	
6.378563e+005	5.223619e+005	5.043471e+005	
4.291994e+005	3.276556e+005	3.120175e+005	
2.502881e+005	1.746894e+005	1.631238e+005	
1.898344e+005	1.239147e+005	1.138372e+005	
1.476112e+005	9.213646e+004	8.367184e+004	
1.247176e+005	7.851098e+004	7.148043e+004	
1.038648e+005	6.947308e+004	6.425120e+004	
5.138080e+005	4.485118e+005	4.386392e+005	
4.003507e+005	3.429715e+005	3.343528e+005	
3.496698e+005	2.952870e+005	2.871525e+005	
3.118150e+005	2.638804e+005	2.567058e+005	
3.065932e+005	2.683851e+005	2.626593e+005	
2.769492e+005	2.447757e+005	2.399587e+005	
3.668466e+005	2.657146e+005	2.502361e+005	
2.293775e+005	1.617196e+005	1.514735e+005	
1.774709e+005	1.194247e+005	1.106838e+005	
1.411599e+005	9.118608e+004	8.366855e+004	
1.183601e+005	7.731798e+004	7.113903e+004	
9.872431e+004	6.563809e+004	6.067742e+004	
2.687009e+005	2.456937e+005	2.421760e+005	
2.838223e+005	2.543819e+005	2.499032e+005	
2.981346e+005	2.627414e+005	2.573495e+005	
3.308887e+005	2.880250e+005	2.814883e+005	
4.348733e+005	3.730726e+005	3.635927e+005	
6.233222e+005	5.499174e+005	5.385589e+005	
4.276454e+005	2.931564e+005	2.723671e+005	
2.268075e+005	1.158164e+005	9.873891e+004	
1.660819e+005	7.049810e+004	5.579385e+004	
1.462835e+005	6.028341e+004	4.700811e+004	
1.303468e+005	5.145105e+004	3.924701e+004	
1.042331e+005	4.408621e+004	3.479580e+004	
4.338310e+005	3.967013e+005	3.911377e+005	
4.644299e+005	4.154008e+005	4.080637e+005	
4.855376e+005	4.269028e+005	4.181618e+005	
5.379189e+005	4.748169e+005	4.653929e+005	
6.136389e+005	5.555067e+005	5.468276e+005	
6.791072e+005	6.310513e+005	6.238522e+005	
7.356235e+005	6.076641e+005	5.880176e+005	
7.025174e+005	5.510192e+005	5.277401e+005	
6.347138e+005	4.787913e+005	4.548709e+005	
4.642843e+005	3.963206e+005	3.861804e+005	
2.660375e+005	2.165817e+005	2.092014e+005	
1.732902e+005	1.384923e+005	1.332861e+005	
7.241176e+005	5.996983e+005	5.806601e+005	
6.652073e+005	5.214494e+005	4.995135e+005	
5.976881e+005	4.562626e+005	4.346968e+005	
4.559997e+005	3.758512e+005	3.638810e+005	
2.856031e+005	2.253292e+005	2.163866e+005	
1.852363e+005	1.402395e+005	1.335460e+005	
7.135593e+005	5.909542e+005	5.721936e+005	
6.388195e+005	5.007642e+005	4.796985e+005	
5.709326e+005	4.369886e+005	4.167008e+005	
4.529972e+005	3.675422e+005	3.547812e+005	
2.972149e+005	2.297665e+005	2.197262e+005	
2.130003e+005	1.638675e+005	1.565398e+005	
7.622188e+005	6.349343e+005	6.153618e+005	
7.166135e+005	5.671363e+005	5.441738e+005	
6.449960e+005	4.987991e+005	4.763347e+005	
4.584870e+005	3.980623e+005	3.890206e+005	
2.660661e+005	2.251066e+005	2.189523e+005	
1.678308e+005	1.382736e+005	1.338272e+005	
1.713218e+005	1.318248e+005	1.258169e+005	
2.484661e+005	1.839379e+005	1.740785e+005	
3.024435e+005	2.194171e+005	2.067007e+005	
3.651088e+005	2.698075e+005	2.551833e+005	
4.628708e+005	3.564265e+005	3.400700e+005	
6.527272e+005	5.452700e+005	5.287263e+005	
5.955416e+005	4.658054e+005	4.457609e+005	
5.120138e+005	3.885197e+005	3.694255e+005	
4.446956e+005	3.354203e+005	3.185663e+005	
3.276334e+005	2.732257e+005	2.649806e+005	
2.099156e+005	1.729620e+005	1.673773e+005	
1.393706e+005	1.134412e+005	1.095317e+005	
1.064983e+005	6.591121e+004	5.962705e+004	
1.657142e+005	9.595491e+004	8.519277e+004	
2.305134e+005	1.263665e+005	1.102624e+005	
2.720994e+005	1.470011e+005	1.276533e+005	
3.522297e+005	2.111403e+005	1.893217e+005	
5.891836e+005	4.483542e+005	4.265456e+005	
7.388807e+005	6.206353e+005	6.025363e+005	
6.749206e+005	5.392912e+005	5.185523e+005	
5.767601e+005	4.459058e+005	4.259102e+005	
4.247626e+005	3.636014e+005	3.544957e+005	
2.570300e+005	2.132858e+005	2.068259e+005	
1.775155e+005	1.460291e+005	1.413467e+005	
2.544203e+005	2.094526e+005	2.026717e+005	
3.140067e+005	2.554988e+005	2.466405e+005	
3.847928e+005	3.139101e+005	3.031839e+005	
4.781695e+005	3.997626e+005	3.878293e+005	
6.075823e+005	5.265473e+005	5.142124e+005	
7.059931e+005	6.348154e+005	6.239960e+005	
2.158407e+005	1.770376e+005	1.711279e+005	
2.710487e+005	2.230875e+005	2.157870e+005	
3.218669e+005	2.640665e+005	2.552299e+005	
4.125348e+005	3.455782e+005	3.353217e+005	
5.397699e+005	4.545489e+005	4.414553e+005	
6.742430e+005	5.890461e+005	5.759481e+005	
1.935253e+005	1.553958e+005	1.496755e+005	
2.581747e+005	2.086871e+005	2.012322e+005	
3.210965e+005	2.601422e+005	2.509400e+005	
4.109512e+005	3.366098e+005	3.253484e+005	
5.446041e+005	4.539438e+005	4.401031e+005	
7.500849e+005	6.643940e+005	6.513024e+005	
8.407260e+004	6.867880e+004	6.632957e+004	
1.008016e+005	7.982026e+004	7.661580e+004	
1.223182e+005	9.341434e+004	8.898322e+004	
1.476400e+005	1.103302e+005	1.045909e+005	
2.009973e+005	1.462262e+005	1.377724e+005	
4.767994e+005	3.746581e+005	3.587902e+005	
8.523259e+004	4.113378e+004	3.433977e+004	
1.169055e+005	5.298058e+004	4.311280e+004	
1.489909e+005	6.624916e+004	5.349186e+004	
1.965319e+005	9.047268e+004	7.410225e+004	
3.139005e+005	1.821064e+005	1.617506e+005	
6.271710e+005	4.946502e+005	4.741893e+005	
5.029540e+004	2.398558e+004	1.991787e+004	
6.503917e+004	3.288465e+004	2.792111e+004	
8.317233e+004	4.304029e+004	3.682813e+004	
9.393177e+004	4.822766e+004	4.114643e+004	
1.202601e+005	6.901279e+004	6.109807e+004	
1.412715e+005	8.936842e+004	8.132107e+004	
7.035591e+005	6.057135e+005	5.907899e+005	
5.968999e+005	4.905578e+005	4.743880e+005	
4.936548e+005	4.031239e+005	3.893879e+005	
3.899190e+005	3.210655e+005	3.107235e+005	
3.174118e+005	2.676417e+005	2.601823e+005	
2.637434e+005	2.237597e+005	2.177802e+005	
3.843521e+005	3.517953e+005	3.469195e+005	
4.294660e+005	3.878990e+005	3.816646e+005	
4.936722e+005	4.460094e+005	4.388962e+005	
5.535319e+005	5.039197e+005	4.965210e+005	
6.363990e+005	5.900566e+005	5.831313e+005	
6.824564e+005	6.432310e+005	6.373639e+005	
3.335471e+005	2.929395e+005	2.868653e+005	
3.794065e+005	3.257101e+005	3.176724e+005	
4.467168e+005	3.833660e+005	3.739339e+005	
5.402936e+005	4.734707e+005	4.634904e+005	
6.397955e+005	5.792588e+005	5.702416e+005	
6.928809e+005	6.393520e+005	6.313760e+005	
3.112231e+005	2.664841e+005	2.598103e+005	
3.707277e+005	3.125868e+005	3.039326e+005	
4.527988e+005	3.862718e+005	3.763611e+005	
5.433364e+005	4.710430e+005	4.602543e+005	
6.383086e+005	5.704196e+005	5.603091e+005	
7.049946e+005	6.470031e+005	6.383391e+005	
6.095464e+005	6.093768e+005	6.093503e+005	
6.072071e+005	6.070486e+005	6.070238e+005	
6.138526e+005	6.136807e+005	6.136538e+005	
6.098602e+005	6.096477e+005	6.096145e+005	
6.074302e+005	6.074302e+005	6.074302e+005	
6.074302e+005	6.074302e+005	6.074302e+005	
3.404388e+005	2.688734e+005	2.577106e+005	
3.623268e+005	2.846058e+005	2.724831e+005	
3.713387e+005	2.922060e+005	2.798628e+005	
3.763105e+005	2.941531e+005	2.813385e+005	
4.609416e+005	3.707887e+005	3.567266e+005	
6.296162e+005	5.461226e+005	5.330996e+005	
5.138175e+005	4.621953e+005	4.542030e+005	
4.378616e+005	3.992976e+005	3.933148e+005	
4.249672e+005	3.891557e+005	3.835968e+005	
4.239534e+005	3.894093e+005	3.840476e+005	
4.237191e+005	3.900103e+005	3.847903e+005	
4.098005e+005	3.854206e+005	3.816392e+005	
2.809250e+005	2.119882e+005	2.013180e+005	
2.885180e+005	2.115991e+005	1.996654e+005	
2.996873e+005	2.218190e+005	2.097208e+005	
3.077870e+005	2.274211e+005	2.149484e+005	
3.717368e+005	2.846091e+005	2.711026e+005	
6.185291e+005	5.420859e+005	5.302549e+005	
6.073178e+005	6.070776e+005	6.070402e+005	
6.117322e+005	6.117322e+005	6.117322e+005	
6.126421e+005	6.126421e+005	6.126421e+005	
6.121253e+005	6.121253e+005	6.121253e+005	
6.043349e+005	6.043349e+005	6.043349e+005	
6.109472e+005	6.109472e+005	6.109472e+005	
4.380784e+005	4.003524e+005	3.945267e+005	
4.728115e+005	4.250415e+005	4.177040e+005	
5.086079e+005	4.511813e+005	4.423450e+005	
5.507082e+005	4.906573e+005	4.813934e+005	
6.234417e+005	5.679016e+005	5.593508e+005	
6.675841e+005	6.213668e+005	6.142567e+005	
3.871280e+005	3.429919e+005	3.361628e+005	
4.268981e+005	3.684335e+005	3.593939e+005	
4.702944e+005	4.053330e+005	3.952720e+005	
5.147616e+005	4.455580e+005	4.348580e+005	
5.993156e+005	5.327578e+005	5.224454e+005	
6.663419e+005	6.202106e+005	6.131137e+005	
3.661308e+005	2.215203e+005	1.989723e+005	
2.135309e+005	8.568245e+004	6.574977e+004	
1.654803e+005	5.232295e+004	3.467615e+004	
1.455187e+005	4.196256e+004	2.581577e+004	
1.313994e+005	3.568021e+004	2.075391e+004	
9.728157e+004	2.356919e+004	1.207636e+004	
1.083417e+005	6.298422e+004	5.595867e+004	
1.313656e+005	7.743210e+004	6.908941e+004	
1.704840e+005	1.067420e+005	9.688577e+004	
2.294869e+005	1.601613e+005	1.494277e+005	
3.135993e+005	2.318075e+005	2.191256e+005	
5.450203e+005	4.410812e+005	4.249479e+005	
4.270642e+005	4.125855e+005	4.103714e+005	
4.432296e+005	4.238238e+005	4.208515e+005	
4.644267e+005	4.416116e+005	4.381201e+005	
5.092704e+005	4.819396e+005	4.777435e+005	
5.838369e+005	5.472906e+005	5.416411e+005	
6.891983e+005	6.505031e+005	6.445214e+005	
3.908229e+005	3.736895e+005	3.710540e+005	
4.001016e+005	3.792601e+005	3.760622e+005	
3.910483e+005	3.686592e+005	3.652186e+005	
4.040619e+005	3.770668e+005	3.729272e+005	
4.556226e+005	4.163270e+005	4.102674e+005	
6.378619e+005	5.836082e+005	5.751862e+005	
4.235616e+005	3.521392e+005	3.411597e+005	
3.288891e+005	2.740640e+005	2.657075e+005	
3.025263e+005	2.560945e+005	2.490130e+005	
2.884804e+005	2.462750e+005	2.398317e+005	
2.731496e+005	2.378820e+005	2.324804e+005	
2.619734e+005	2.360788e+005	2.320906e+005	
1.494706e+005	4.782937e+004	3.206097e+004	
1.689576e+005	5.436387e+004	3.661157e+004	
1.834688e+005	6.115568e+004	4.223566e+004	
2.163639e+005	8.707845e+004	6.708603e+004	
3.046888e+005	1.597680e+005	1.373510e+005	
5.954484e+005	4.604363e+005	4.396036e+005	
6.127294e+005	5.718709e+005	5.657085e+005	
5.486026e+005	5.000762e+005	4.927825e+005	
5.079780e+005	4.637575e+005	4.571210e+005	
4.856931e+005	4.475393e+005	4.417819e+005	
4.638618e+005	4.328660e+005	4.281808e+005	
4.496533e+005	4.196070e+005	4.150653e+005	
1.637370e+005	1.315606e+005	1.266680e+005	
2.128944e+005	1.671108e+005	1.601723e+005	
2.662947e+005	2.034515e+005	1.938505e+005	
3.665327e+005	2.901470e+005	2.785140e+005	
5.276464e+005	4.369972e+005	4.231496e+005	
6.824517e+005	6.020736e+005	5.897769e+005	
1.366812e+005	1.022325e+005	9.696431e+004	
1.813378e+005	1.259029e+005	1.174677e+005	
2.529648e+005	1.729400e+005	1.606835e+005	
3.447114e+005	2.442113e+005	2.288260e+005	
5.253579e+005	4.101055e+005	3.924639e+005	
6.997713e+005	6.028913e+005	5.880938e+005	
1.897165e+005	1.485836e+005	1.423658e+005	
2.367909e+005	1.740163e+005	1.644991e+005	
3.258940e+005	2.307039e+005	2.161679e+005	
4.097717e+005	2.919680e+005	2.739699e+005	
5.624718e+005	4.421963e+005	4.238424e+005	
7.166818e+005	6.137435e+005	5.980985e+005	
3.172785e+005	2.698933e+005	2.627397e+005	
3.940081e+005	3.291825e+005	3.192374e+005	
4.852901e+005	3.979673e+005	3.844566e+005	
5.756548e+005	4.678120e+005	4.510613e+005	
6.680368e+005	5.510860e+005	5.328824e+005	
7.584858e+005	6.489733e+005	6.319560e+005	
3.395520e+005	2.931873e+005	2.861270e+005	
4.380795e+005	3.794307e+005	3.704397e+005	
5.249511e+005	4.455988e+005	4.333428e+005	
6.227447e+005	5.311373e+005	5.169369e+005	
7.040666e+005	6.071263e+005	5.920641e+005	
7.478080e+005	6.524131e+005	6.375873e+005	
6.228464e+005	5.089007e+005	4.918222e+005	
5.090487e+005	3.913675e+005	3.735239e+005	
4.077858e+005	2.995954e+005	2.830299e+005	
3.302015e+005	2.367150e+005	2.223560e+005	
2.518577e+005	1.768965e+005	1.653555e+005	
1.936537e+005	1.374012e+005	1.287267e+005	
6.457966e+005	5.517491e+005	5.375056e+005	
5.413025e+005	4.379499e+005	4.221949e+005	
4.359939e+005	3.365096e+005	3.212521e+005	
3.351239e+005	2.475044e+005	2.340272e+005	
2.548594e+005	1.845298e+005	1.736893e+005	
2.058411e+005	1.515490e+005	1.431754e+005	
4.102609e+005	3.651143e+005	3.583743e+005	
5.210770e+005	4.632454e+005	4.545173e+005	
6.169689e+005	5.279933e+005	5.143254e+005	
6.981880e+005	5.938338e+005	5.776877e+005	
7.305004e+005	6.328941e+005	6.177473e+005	
7.635155e+005	6.614979e+005	6.456665e+005	
3.571123e+005	3.006468e+005	2.920949e+005	
4.684304e+005	3.958003e+005	3.847280e+005	
5.606031e+005	4.573089e+005	4.413781e+005	
6.322149e+005	5.018721e+005	4.816428e+005	
6.846353e+005	5.497272e+005	5.287432e+005	
7.522869e+005	6.204647e+005	5.999683e+005	
6.068663e+005	4.658397e+005	4.444132e+005	
5.289977e+005	3.870812e+005	3.654031e+005	
4.585750e+005	3.267588e+005	3.066408e+005	
3.812965e+005	2.633826e+005	2.453428e+005	
3.050418e+005	2.133075e+005	1.992188e+005	
2.386636e+005	1.733678e+005	1.633466e+005	
4.648304e+005	4.241022e+005	4.180798e+005	
5.703603e+005	5.188616e+005	5.111310e+005	
6.616608e+005	5.781438e+005	5.652986e+005	
7.103631e+005	6.134351e+005	5.983978e+005	
7.413068e+005	6.459781e+005	6.311428e+005	
7.521460e+005	6.639645e+005	6.502441e+005	
4.466632e+005	4.023447e+005	3.957876e+005	
5.664029e+005	5.152616e+005	5.075845e+005	
6.581284e+005	5.750573e+005	5.622806e+005	
7.109941e+005	6.139799e+005	5.989293e+005	
7.442616e+005	6.485529e+005	6.336584e+005	
7.553707e+005	6.668111e+005	6.530319e+005	
6.072163e+005	6.072163e+005	6.072163e+005	
6.069238e+005	6.069238e+005	6.069238e+005	
6.078046e+005	6.078046e+005	6.078046e+005	
6.137870e+005	6.137870e+005	6.137870e+005	
6.061993e+005	6.061993e+005	6.061993e+005	
6.049378e+005	6.049378e+005	6.049378e+005	
6.054154e+005	6.049171e+005	6.048393e+005	
6.027956e+005	6.025466e+005	6.025078e+005	
6.116501e+005	6.116501e+005	6.116501e+005	
6.103144e+005	6.103144e+005	6.103144e+005	
6.021819e+005	6.017559e+005	6.016954e+005	
6.022593e+005	6.019964e+005	6.019554e+005	
6.106476e+005	6.098213e+005	6.096943e+005	
6.104483e+005	6.098202e+005	6.097223e+005	
6.060552e+005	6.060552e+005	6.060552e+005	
6.067168e+005	6.067168e+005	6.067168e+005	
6.072225e+005	6.072225e+005	6.072225e+005	
6.114289e+005	6.114289e+005	6.114289e+005	
6.008071e+005	5.707382e+005	5.660482e+005	
6.104043e+005	5.711474e+005	5.650246e+005	
6.227220e+005	5.811091e+005	5.746189e+005	
6.326405e+005	5.905199e+005	5.839503e+005	
6.542700e+005	6.161730e+005	6.102306e+005	
6.862893e+005	6.463278e+005	6.400947e+005	
5.280479e+005	4.787350e+005	4.710433e+005	
5.497509e+005	5.143948e+005	5.088803e+005	
5.591509e+005	5.217861e+005	5.159584e+005	
5.478316e+005	4.877111e+005	4.783328e+005	
5.879796e+005	5.242831e+005	5.143479e+005	
6.793438e+005	6.236029e+005	6.149086e+005	
2.740944e+005	1.793750e+005	1.646009e+005	
9.264238e+004	4.357831e+004	3.592538e+004	
6.025526e+004	2.016410e+004	1.391072e+004	
5.291907e+004	1.445223e+004	8.452224e+003	
5.030453e+004	1.332236e+004	7.553915e+003	
3.586974e+004	8.285992e+003	3.983524e+003	
9.967623e+004	9.929929e+004	9.925054e+004	
1.034023e+005	1.025588e+005	1.024338e+005	
1.084846e+005	1.061205e+005	1.057575e+005	
1.196774e+005	1.120247e+005	1.108341e+005	
2.041541e+005	1.685877e+005	1.630475e+005	
5.992694e+005	5.186300e+005	5.060610e+005	
8.728583e+004	8.678061e+004	8.671963e+004	
8.416116e+004	8.328283e+004	8.315245e+004	
9.905231e+004	9.643732e+004	9.603473e+004	
1.081242e+005	9.915953e+004	9.777079e+004	
1.862501e+005	1.545256e+005	1.495974e+005	
5.351394e+005	4.533190e+005	4.405640e+005	
4.522188e+004	1.054516e+004	5.163882e+003	
5.129538e+004	1.357386e+004	7.717461e+003	
5.518544e+004	1.585528e+004	9.745923e+003	
7.027395e+004	2.588919e+004	1.900695e+004	
1.614207e+005	9.336393e+004	8.279025e+004	
5.568451e+005	4.510852e+005	4.346345e+005	
6.150773e+005	5.674999e+005	5.603499e+005	
5.866706e+005	5.303414e+005	5.219464e+005	
5.664105e+005	5.112067e+005	5.029609e+005	
5.595370e+005	5.058352e+005	4.978483e+005	
5.541318e+005	5.064446e+005	4.993119e+005	
5.251514e+005	4.929856e+005	4.881379e+005	
5.839574e+005	5.387873e+005	5.319990e+005	
5.313153e+005	4.803010e+005	4.726981e+005	
5.189174e+005	4.448000e+005	4.335946e+005	
5.138725e+005	4.400356e+005	4.288835e+005	
5.015583e+005	4.583955e+005	4.519395e+005	
4.774443e+005	4.272962e+005	4.196557e+005	
6.680814e+005	6.676096e+005	6.675381e+005	
6.665596e+005	6.661618e+005	6.661019e+005	
6.613132e+005	6.611126e+005	6.610813e+005	
6.649217e+005	6.645194e+005	6.644602e+005	
6.616850e+005	6.614901e+005	6.614596e+005	
6.612463e+005	6.610618e+005	6.610342e+005	
6.693023e+005	6.689144e+005	6.688559e+005	
6.609411e+005	6.600898e+005	6.599612e+005	
6.631814e+005	6.623191e+005	6.621888e+005	
6.666643e+005	6.664365e+005	6.664021e+005	
6.589308e+005	6.587421e+005	6.587128e+005	
6.670374e+005	6.668361e+005	6.668068e+005	
6.692175e+005	6.688297e+005	6.687711e+005	
6.606644e+005	6.598135e+005	6.596851e+005	
6.629366e+005	6.620745e+005	6.619442e+005	
6.665597e+005	6.663319e+005	6.662976e+005	
6.604416e+005	6.602195e+005	6.601876e+005	
6.670492e+005	6.668479e+005	6.668185e+005	
6.261081e+005	5.457188e+005	5.331873e+005	
4.951749e+005	4.035978e+005	3.893137e+005	
3.978662e+005	3.110478e+005	2.975060e+005	
3.107101e+005	2.343408e+005	2.224289e+005	
2.483734e+005	1.876074e+005	1.781292e+005	
2.127905e+005	1.679520e+005	1.609581e+005	
6.106374e+005	5.409308e+005	5.300768e+005	
4.998419e+005	4.213195e+005	4.090715e+005	
4.020026e+005	3.245461e+005	3.124658e+005	
3.462968e+005	2.776558e+005	2.669491e+005	
2.990711e+005	2.447537e+005	2.362813e+005	
2.733653e+005	2.333836e+005	2.271473e+005	
6.104134e+005	5.526210e+005	5.436427e+005	
5.117305e+005	4.457174e+005	4.354546e+005	
4.391374e+005	3.746039e+005	3.645757e+005	
3.863635e+005	3.261699e+005	3.168196e+005	
3.464112e+005	2.966882e+005	2.889696e+005	
3.199788e+005	2.814667e+005	2.754926e+005	
6.015861e+005	5.131030e+005	4.995329e+005	
4.729734e+005	3.820916e+005	3.681779e+005	
3.893177e+005	3.142007e+005	3.027463e+005	
3.349008e+005	2.743963e+005	2.652114e+005	
2.758351e+005	2.284899e+005	2.213389e+005	
2.374845e+005	2.024318e+005	1.971485e+005	
3.893148e+005	2.946442e+005	2.799667e+005	
3.498842e+005	2.671743e+005	2.543859e+005	
3.003183e+005	2.326771e+005	2.222413e+005	
2.731833e+005	2.176136e+005	2.090529e+005	
2.304819e+005	1.856575e+005	1.787830e+005	
2.064091e+005	1.711321e+005	1.657264e+005	
2.214803e+005	1.748060e+005	1.676767e+005	
2.937884e+005	2.330924e+005	2.237689e+005	
3.553032e+005	2.769499e+005	2.648690e+005	
4.386377e+005	3.466794e+005	3.324592e+005	
5.789496e+005	4.805864e+005	4.653688e+005	
7.214608e+005	6.219058e+005	6.064504e+005	
2.581974e+005	2.161832e+005	2.097684e+005	
3.317153e+005	2.749772e+005	2.662696e+005	
4.174710e+005	3.452216e+005	3.340859e+005	
5.200197e+005	4.349453e+005	4.217836e+005	
6.663667e+005	5.822483e+005	5.692116e+005	
7.453413e+005	6.504053e+005	6.356670e+005	
5.985938e+005	5.054720e+005	4.913765e+005	
4.683206e+005	3.688814e+005	3.539269e+005	
3.843082e+005	2.957379e+005	2.825586e+005	
3.276938e+005	2.563385e+005	2.457605e+005	
2.595252e+005	2.046520e+005	1.965698e+005	
2.297558e+005	1.894253e+005	1.834961e+005	
6.531628e+005	5.781928e+005	5.668613e+005	
5.274694e+005	4.439404e+005	4.313544e+005	
4.442080e+005	3.695493e+005	3.584203e+005	
3.709530e+005	3.106959e+005	3.018155e+005	
3.197039e+005	2.750915e+005	2.685300e+005	
2.786364e+005	2.445482e+005	2.395321e+005	
2.428486e+005	1.994695e+005	1.928775e+005	
2.936586e+005	2.360683e+005	2.273237e+005	
3.309597e+005	2.581264e+005	2.470277e+005	
3.839668e+005	2.933273e+005	2.794673e+005	
4.747677e+005	3.686460e+005	3.523129e+005	
6.575946e+005	5.542971e+005	5.383805e+005	
6.421586e+005	5.623603e+005	5.503871e+005	
5.477189e+005	4.592213e+005	4.460781e+005	
4.908508e+005	4.116230e+005	4.000255e+005	
4.387370e+005	3.749212e+005	3.656219e+005	
3.934833e+005	3.455706e+005	3.385715e+005	
3.704340e+005	3.358021e+005	3.307470e+005	
6.388364e+005	5.506117e+005	5.373723e+005	
5.191763e+005	4.198243e+005	4.050085e+005	
4.433972e+005	3.563121e+005	3.434808e+005	
3.838097e+005	3.142338e+005	3.040149e+005	
3.383476e+005	2.870198e+005	2.795242e+005	
3.049324e+005	2.678382e+005	2.624045e+005	
6.585372e+005	6.577018e+005	6.575738e+005	
6.628268e+005	6.620193e+005	6.618978e+005	
6.528174e+005	6.512282e+005	6.509902e+005	
6.562996e+005	6.547852e+005	6.545544e+005	
6.598969e+005	6.584403e+005	6.582196e+005	
6.631011e+005	6.618729e+005	6.616868e+005	
6.540248e+005	6.518289e+005	6.515000e+005	
6.620811e+005	6.604989e+005	6.602628e+005	
6.591649e+005	6.573028e+005	6.570213e+005	
6.619855e+005	6.597454e+005	6.594023e+005	
6.591283e+005	6.570106e+005	6.566887e+005	
6.654392e+005	6.635542e+005	6.632673e+005	
6.556499e+005	6.536365e+005	6.533361e+005	
6.555911e+005	6.531691e+005	6.528031e+005	
6.603437e+005	6.571501e+005	6.566707e+005	
6.702324e+005	6.679079e+005	6.675569e+005	
6.667586e+005	6.641633e+005	6.637711e+005	
6.678689e+005	6.659426e+005	6.656517e+005	
5.851591e+005	4.954198e+005	4.818842e+005	
4.478652e+005	3.492923e+005	3.343435e+005	
3.789739e+005	2.826765e+005	2.680274e+005	
3.378457e+005	2.486686e+005	2.351045e+005	
2.951691e+005	2.190606e+005	2.074473e+005	
2.584372e+005	2.009618e+005	1.921853e+005	
6.238418e+005	5.530113e+005	5.422936e+005	
5.151198e+005	4.338308e+005	4.215240e+005	
4.325855e+005	3.492254e+005	3.365978e+005	
3.788818e+005	2.997147e+005	2.877335e+005	
3.255741e+005	2.593168e+005	2.492850e+005	
2.899996e+005	2.388065e+005	2.310257e+005	
1.867720e+004	4.433579e+003	2.211874e+003	
2.314887e+004	6.313974e+003	3.688089e+003	
3.013098e+004	1.014378e+004	7.026204e+003	
5.369891e+004	2.700828e+004	2.284513e+004	
1.889636e+005	1.356436e+005	1.273268e+005	
5.726031e+005	4.858426e+005	4.723103e+005	
2.904593e+005	2.191917e+005	2.080815e+005	
1.083068e+005	9.316268e+004	9.080394e+004	
7.957478e+004	7.505727e+004	7.435441e+004	
8.008733e+004	7.887395e+004	7.868723e+004	
7.466072e+004	7.411615e+004	7.403359e+004	
7.379939e+004	7.354904e+004	7.351141e+004	
2.530398e+005	1.732615e+005	1.609129e+005	
8.536706e+004	5.857975e+004	5.451745e+004	
5.231018e+004	3.471450e+004	3.207728e+004	
3.999578e+004	2.697150e+004	2.503280e+004	
2.653809e+004	1.657179e+004	1.508372e+004	
1.845754e+004	1.030723e+004	9.092914e+003	
3.105895e+005	2.314839e+005	2.192258e+005	
7.989034e+004	4.401026e+004	3.843734e+004	
4.363961e+004	1.744567e+004	1.337054e+004	
3.555545e+004	1.144092e+004	7.688835e+003	
3.319238e+004	1.028466e+004	6.716941e+003	
2.390298e+004	6.621462e+003	3.933798e+003	
4.496416e+005	4.225841e+005	4.185868e+005	
4.608557e+005	4.243512e+005	4.189462e+005	
4.712732e+005	4.301213e+005	4.239792e+005	
5.033473e+005	4.560631e+005	4.489316e+005	
5.708278e+005	5.212410e+005	5.137027e+005	
6.819911e+005	6.403201e+005	6.339745e+005	
5.140356e+005	4.913715e+005	4.880182e+005	
5.324578e+005	5.020838e+005	4.975613e+005	
5.478468e+005	5.117858e+005	5.063991e+005	
5.708319e+005	5.312263e+005	5.252807e+005	
6.249176e+005	5.865610e+005	5.807816e+005	
6.887496e+005	6.583104e+005	6.537128e+005	
6.366048e+005	5.436119e+005	5.297691e+005	
5.062765e+005	4.049745e+005	3.900054e+005	
3.994349e+005	3.058572e+005	2.920247e+005	
3.351870e+005	2.572011e+005	2.456582e+005	
2.606218e+005	1.990513e+005	1.899436e+005	
2.285467e+005	1.819775e+005	1.750954e+005	
6.338266e+005	5.415864e+005	5.278546e+005	
4.981289e+005	3.906705e+005	3.747728e+005	
4.159480e+005	3.171876e+005	3.025535e+005	
3.379457e+005	2.527768e+005	2.401640e+005	
2.810456e+005	2.150922e+005	2.053012e+005	
2.443076e+005	1.954585e+005	1.881798e+005	
6.349353e+005	5.385947e+005	5.242682e+005	
4.955117e+005	3.815420e+005	3.646282e+005	
3.886845e+005	2.813210e+005	2.653719e+005	
3.198862e+005	2.268213e+005	2.129964e+005	
2.666643e+005	1.934409e+005	1.825262e+005	
2.240646e+005	1.696615e+005	1.615164e+005	
1.681095e+005	1.421369e+005	1.382323e+005	
2.008843e+005	1.645543e+005	1.590465e+005	
2.499964e+005	2.001774e+005	1.926001e+005	
3.508080e+005	2.846395e+005	2.745254e+005	
6.416588e+005	5.737431e+005	5.633510e+005	
7.925922e+005	6.636575e+005	6.437711e+005	
9.972194e+004	7.233884e+004	6.813289e+004	
1.425002e+005	1.016116e+005	9.531245e+004	
2.092748e+005	1.538573e+005	1.452996e+005	
3.363855e+005	2.638977e+005	2.526598e+005	
6.566448e+005	5.880740e+005	5.774502e+005	
8.028334e+005	6.755609e+005	6.558473e+005	
1.382438e+005	1.049488e+005	9.982075e+004	
1.880873e+005	1.399462e+005	1.325021e+005	
2.617020e+005	1.935205e+005	1.829606e+005	
4.058093e+005	3.211436e+005	3.079945e+005	
6.823554e+005	6.060206e+005	5.941602e+005	
7.913603e+005	6.674601e+005	6.482534e+005	
2.841993e+005	2.246941e+005	2.156118e+005	
3.532285e+005	2.748417e+005	2.628788e+005	
4.235868e+005	3.319725e+005	3.179930e+005	
5.281465e+005	4.286045e+005	4.134356e+005	
6.475472e+005	5.560416e+005	5.420941e+005	
2.662863e+005	2.012579e+005	1.912617e+005	
3.075811e+005	2.281295e+005	2.159143e+005	
3.773688e+005	2.837130e+005	2.693449e+005	
4.452910e+005	3.415939e+005	3.256447e+005	
5.427149e+005	4.290585e+005	4.115638e+005	
6.097839e+005	5.127883e+005	4.981261e+005	
4.988886e+005	4.091870e+005	3.956631e+005	
4.286960e+005	3.541976e+005	3.430152e+005	
3.603307e+005	3.003186e+005	2.913521e+005	
3.053688e+005	2.598061e+005	2.529740e+005	
4.715456e+005	3.684246e+005	3.526186e+005	
4.020711e+005	3.138186e+005	3.002663e+005	
3.465615e+005	2.709764e+005	2.593881e+005	
2.898599e+005	2.254131e+005	2.155372e+005	
2.581314e+005	2.020129e+005	1.934355e+005	
1.684578e+005	1.266501e+005	1.203442e+005	
2.186781e+005	1.596786e+005	1.507463e+005	
2.932604e+005	2.151385e+005	2.032962e+005	
4.183904e+005	3.161199e+005	3.006392e+005	
5.748074e+005	4.536733e+005	4.354735e+005	
1.096027e+005	6.813721e+004	6.181316e+004	
1.489270e+005	9.244410e+004	8.383131e+004	
2.030632e+005	1.275327e+005	1.160000e+005	
3.061521e+005	2.010800e+005	1.850102e+005	
4.956630e+005	3.573200e+005	3.362976e+005	
4.565539e+005	3.609434e+005	3.464148e+005	
3.158804e+005	2.451809e+005	2.344350e+005	
2.526867e+005	2.002489e+005	1.922944e+005	
2.034587e+005	1.627528e+005	1.565994e+005	
1.680238e+005	1.361796e+005	1.313844e+005	
8.792263e+004	4.427484e+004	3.759586e+004	
1.246541e+005	6.494169e+004	5.578025e+004	
1.676033e+005	8.843477e+004	7.630883e+004	
2.525130e+005	1.386253e+005	1.211862e+005	
4.217625e+005	2.630083e+005	2.389477e+005	
8.554998e+004	5.146835e+004	4.625836e+004	
1.172535e+005	6.706984e+004	5.940642e+004	
1.605802e+005	9.170202e+004	8.113600e+004	
2.444916e+005	1.357930e+005	1.191446e+005	
4.195596e+005	2.571642e+005	2.325450e+005	
6.000389e+005	5.012725e+005	4.864813e+005	
5.013295e+005	4.043732e+005	3.898457e+005	
4.194199e+005	3.416423e+005	3.301094e+005	
3.387900e+005	2.770099e+005	2.678424e+005	
2.826740e+005	2.351860e+005	2.281589e+005	
5.776729e+005	4.724433e+005	4.567149e+005	
4.750821e+005	3.757093e+005	3.609415e+005	
3.880278e+005	3.067764e+005	2.947415e+005	
3.035594e+005	2.400400e+005	2.306256e+005	
2.454014e+005	1.974915e+005	1.903932e+005	
5.685206e+005	4.649980e+005	4.495517e+005	
4.580797e+005	3.591106e+005	3.443259e+005	
3.596423e+005	2.755976e+005	2.631322e+005	
2.904328e+005	2.258587e+005	2.162866e+005	
2.424702e+005	1.950615e+005	1.880307e+005	
3.540638e+005	3.028597e+005	2.950419e+005	
4.157881e+005	3.480719e+005	3.377048e+005	
4.966162e+005	4.142311e+005	4.015999e+005	
5.900900e+005	5.002084e+005	4.864071e+005	
6.760406e+005	5.888466e+005	5.754310e+005	
3.063425e+005	2.531449e+005	2.449834e+005	
3.594103e+005	2.928011e+005	2.825926e+005	
4.347264e+005	3.571158e+005	3.451696e+005	
5.246177e+005	4.284998e+005	4.136914e+005	
6.367749e+005	5.362716e+005	5.207540e+005	
2.737584e+005	1.856039e+005	1.718537e+005	
8.196494e+004	4.055316e+004	3.409382e+004	
4.786903e+004	1.737717e+004	1.262108e+004	
3.417674e+004	9.472247e+003	5.618871e+003	
2.524653e+004	6.781602e+003	3.901460e+003	
1.073132e+005	9.788073e+004	9.650126e+004	
1.157439e+005	1.042085e+005	1.025241e+005	
1.343952e+005	1.188694e+005	1.165395e+005	
1.980930e+005	1.628546e+005	1.574835e+005	
4.939027e+005	4.117448e+005	3.990637e+005	
2.316110e+004	1.795259e+004	1.717191e+004	
3.106826e+004	2.380994e+004	2.272263e+004	
5.026542e+004	3.953730e+004	3.790939e+004	
8.661613e+004	6.397218e+004	6.049414e+004	
2.517976e+005	1.823659e+005	1.715792e+005	
2.965827e+004	8.953967e+003	5.738959e+003	
3.721338e+004	1.058842e+004	6.458846e+003	
5.204863e+004	1.980030e+004	1.479804e+004	
1.071480e+005	5.951282e+004	5.210753e+004	
3.884969e+005	2.896011e+005	2.742092e+005	
6.194893e+005	5.141823e+005	4.983227e+005	
5.277257e+005	4.245190e+005	4.089890e+005	
4.385469e+005	3.514381e+005	3.383773e+005	
3.652991e+005	2.950460e+005	2.845368e+005	
3.120800e+005	2.580391e+005	2.499598e+005	
5.815228e+005	4.644979e+005	4.468049e+005	
4.766277e+005	3.728386e+005	3.571387e+005	
3.908324e+005	3.034050e+005	2.901686e+005	
3.412695e+005	2.711769e+005	2.606224e+005	
2.912443e+005	2.362011e+005	2.279070e+005	
2.343857e+005	1.826766e+005	1.747463e+005	
3.396454e+005	2.653419e+005	2.539006e+005	
4.635252e+005	3.510250e+005	3.336047e+005	
5.865198e+005	4.560283e+005	4.357918e+005	
7.230625e+005	6.074934e+005	5.895483e+005	
2.448955e+005	1.921561e+005	1.840485e+005	
3.447430e+005	2.711762e+005	2.598526e+005	
4.474422e+005	3.453617e+005	3.295860e+005	
5.735246e+005	4.610664e+005	4.436510e+005	
7.036601e+005	5.995982e+005	5.834963e+005	
2.642103e+005	2.131851e+005	2.053810e+005	
3.575017e+005	2.855941e+005	2.745809e+005	
4.685182e+005	3.754494e+005	3.611022e+005	
5.797692e+005	4.754463e+005	4.593339e+005	
6.943706e+005	5.964089e+005	5.812884e+005	
7.036563e+005	5.971384e+005	5.807486e+005	
6.743694e+005	5.581118e+005	5.402091e+005	
5.911154e+005	5.002671e+005	4.863788e+005	
4.062693e+005	3.631018e+005	3.567334e+005	
2.779072e+005	2.433234e+005	2.382141e+005	
7.473918e+005	6.262890e+005	6.075476e+005	
7.194453e+005	5.832701e+005	5.621822e+005	
6.479976e+005	5.479898e+005	5.326255e+005	
4.213733e+005	3.803833e+005	3.743106e+005	
2.466146e+005	2.154120e+005	2.107940e+005	
7.503937e+005	6.236766e+005	6.040318e+005	
7.443240e+005	5.998551e+005	5.774770e+005	
6.784884e+005	5.699070e+005	5.531930e+005	
4.346254e+005	3.895822e+005	3.829198e+005	
2.478015e+005	2.129733e+005	2.078453e+005	
5.299028e+005	4.801621e+005	4.724034e+005	
4.532283e+005	4.041999e+005	3.965522e+005	
4.418243e+005	3.935933e+005	3.860700e+005	
4.414138e+005	3.951522e+005	3.879366e+005	
4.308317e+005	3.870489e+005	3.802199e+005	
4.181697e+005	3.885708e+005	3.839540e+005	
5.958658e+005	5.747487e+005	5.714548e+005	
5.555374e+005	5.297595e+005	5.257383e+005	
5.308180e+005	5.054027e+005	5.014386e+005	
5.197573e+005	4.953000e+005	4.914850e+005	
5.222623e+005	5.003487e+005	4.969310e+005	
5.152044e+005	5.013025e+005	4.991343e+005	
4.675496e+005	4.264361e+005	4.201576e+005	
4.749116e+005	4.276894e+005	4.204605e+005	
4.903834e+005	4.427694e+005	4.354879e+005	
4.878046e+005	4.392554e+005	4.318203e+005	
5.304491e+005	4.798933e+005	4.721258e+005	
6.460833e+005	6.075779e+005	6.016427e+005	
5.592622e+005	5.376659e+005	5.343573e+005	
5.617369e+005	5.348724e+005	5.307519e+005	
5.683781e+005	5.398888e+005	5.355301e+005	
5.764064e+005	5.481857e+005	5.438726e+005	
6.062002e+005	5.787445e+005	5.745334e+005	
6.575129e+005	6.374330e+005	6.343603e+005	
5.595983e+005	5.399541e+005	5.368906e+005	
5.346506e+005	5.166833e+005	5.138810e+005	
5.328687e+005	5.151316e+005	5.123649e+005	
5.219686e+005	5.048146e+005	5.021391e+005	
5.261766e+005	5.092353e+005	5.065928e+005	
5.154684e+005	5.036944e+005	5.018576e+005	
6.012164e+005	5.976733e+005	5.971206e+005	
5.935106e+005	5.890357e+005	5.883376e+005	
5.888852e+005	5.851956e+005	5.846203e+005	
5.892736e+005	5.852431e+005	5.846145e+005	
5.919652e+005	5.889049e+005	5.884276e+005	
5.851401e+005	5.828918e+005	5.825411e+005	
4.121352e+005	3.382703e+005	3.267913e+005	
4.238319e+005	3.424883e+005	3.298351e+005	
4.160705e+005	3.376888e+005	3.255085e+005	
4.276479e+005	3.499227e+005	3.378407e+005	
4.538822e+005	3.731172e+005	3.605825e+005	
6.253862e+005	5.543108e+005	5.432629e+005	
6.067815e+005	6.067815e+005	6.067815e+005	
5.961275e+005	5.961275e+005	5.961275e+005	
6.049338e+005	6.049338e+005	6.049338e+005	
6.107069e+005	6.107069e+005	6.107069e+005	
6.041677e+005	6.041677e+005	6.041677e+005	
6.087021e+005	6.087021e+005	6.087021e+005	
6.067815e+005	6.067815e+005	6.067815e+005	
5.961275e+005	5.961275e+005	5.961275e+005	
6.049338e+005	6.049338e+005	6.049338e+005	
6.107069e+005	6.107069e+005	6.107069e+005	
6.041676e+005	6.041676e+005	6.041676e+005	
6.087021e+005	6.087021e+005	6.087021e+005	
5.846623e+005	5.575261e+005	5.537448e+005	
6.360821e+005	6.019081e+005	5.970010e+005	
6.915518e+005	6.288849e+005	6.194019e+005	
7.316598e+005	6.540698e+005	6.421883e+005	
7.527594e+005	6.752646e+005	6.633368e+005	
7.634290e+005	6.882081e+005	6.766186e+005	
5.204137e+005	4.857652e+005	4.809069e+005	
6.330741e+005	5.884187e+005	5.820634e+005	
7.072469e+005	6.285601e+005	6.166800e+005	
7.505001e+005	6.564190e+005	6.419723e+005	
7.661946e+005	6.749211e+005	6.608745e+005	
7.704245e+005	6.830153e+005	6.695279e+005	
4.743048e+005	4.331434e+005	4.273198e+005	
6.188064e+005	5.661848e+005	5.586671e+005	
7.110118e+005	6.224553e+005	6.090894e+005	
7.696007e+005	6.626503e+005	6.462122e+005	
7.818588e+005	6.823727e+005	6.670224e+005	
7.882619e+005	6.934463e+005	6.788207e+005	
6.154176e+005	5.085535e+005	4.919594e+005	
4.588881e+005	3.460636e+005	3.285366e+005	
3.786998e+005	2.712208e+005	2.545500e+005	
3.084019e+005	2.131360e+005	1.984082e+005	
2.420847e+005	1.629200e+005	1.506932e+005	
2.054289e+005	1.456666e+005	1.364486e+005	
6.508030e+005	5.557168e+005	5.409957e+005	
5.410269e+005	4.344074e+005	4.178753e+005	
4.366831e+005	3.308768e+005	3.145097e+005	
3.571376e+005	2.664470e+005	2.524957e+005	
2.781421e+005	2.025011e+005	1.909208e+005	
2.329641e+005	1.731046e+005	1.639316e+005	
1.393496e+004	3.150961e+003	1.468890e+003	
2.174257e+004	6.873619e+003	4.554384e+003	
2.966511e+004	1.109419e+004	8.197518e+003	
5.315709e+004	2.712437e+004	2.306381e+004	
1.822325e+005	1.283891e+005	1.199908e+005	
5.712468e+005	4.833827e+005	4.696778e+005	
3.252533e+005	2.474355e+005	2.353321e+005	
1.267203e+005	1.023363e+005	9.854596e+004	
8.216688e+004	6.971028e+004	6.779725e+004	
6.796473e+004	5.806327e+004	5.654064e+004	
5.887212e+004	5.066647e+004	4.940621e+004	
4.985666e+004	4.346919e+004	4.249239e+004	
2.353828e+005	1.634805e+005	1.522996e+005	
8.753358e+004	6.307561e+004	5.929986e+004	
6.755016e+004	5.568111e+004	5.386889e+004	
4.563045e+004	3.919735e+004	3.825164e+004	
3.987088e+004	3.522098e+004	3.454630e+004	
3.132732e+004	2.869793e+004	2.832014e+004	
3.221878e+005	2.434127e+005	2.311610e+005	
7.508850e+004	3.991933e+004	3.445617e+004	
4.076264e+004	1.668300e+004	1.294262e+004	
2.958452e+004	9.662190e+003	6.576982e+003	
2.362068e+004	7.377785e+003	4.862291e+003	
1.602337e+004	5.451970e+003	3.812539e+003	
3.338444e+005	2.879041e+005	2.811719e+005	
4.082700e+005	3.472228e+005	3.381705e+005	
4.913294e+005	4.070841e+005	3.944238e+005	
5.508541e+005	4.482605e+005	4.326545e+005	
6.568855e+005	5.419806e+005	5.243833e+005	
7.741664e+005	6.661056e+005	6.495359e+005	
3.945908e+005	3.506914e+005	3.442368e+005	
4.833690e+005	4.252508e+005	4.166418e+005	
5.602771e+005	4.783421e+005	4.659575e+005	
6.278949e+005	5.321256e+005	5.174986e+005	
7.098869e+005	6.068319e+005	5.910224e+005	
7.743135e+005	6.767695e+005	6.618086e+005	
6.299237e+005	5.757589e+005	5.673251e+005	
5.736471e+005	5.078009e+005	4.975327e+005	
5.316827e+005	4.665068e+005	4.563431e+005	
4.955241e+005	4.357434e+005	4.264224e+005	
4.668605e+005	4.214724e+005	4.144030e+005	
4.477617e+005	4.105258e+005	4.047238e+005	
6.303135e+005	5.560738e+005	5.445283e+005	
5.569998e+005	4.735373e+005	4.605228e+005	
4.845062e+005	4.006961e+005	3.876400e+005	
4.412629e+005	3.666773e+005	3.550565e+005	
3.908249e+005	3.319478e+005	3.227739e+005	
3.618804e+005	3.166913e+005	3.096520e+005	
6.321931e+005	5.496911e+005	5.368640e+005	
5.389858e+005	4.427347e+005	4.277438e+005	
4.578167e+005	3.626197e+005	3.477998e+005	
3.937750e+005	3.081420e+005	2.948111e+005	
3.439626e+005	2.758248e+005	2.652199e+005	
3.034073e+005	2.507119e+005	2.425157e+005	
6.387964e+005	6.387964e+005	6.387964e+005	
6.433306e+005	6.433306e+005	6.433306e+005	
6.489424e+005	6.489424e+005	6.489424e+005	
6.443362e+005	6.443362e+005	6.443362e+005	
6.448941e+005	6.448941e+005	6.448941e+005	
6.480158e+005	6.480158e+005	6.480158e+005	
6.397275e+005	6.397275e+005	6.397275e+005	
6.345512e+005	6.345512e+005	6.345512e+005	
6.438981e+005	6.438981e+005	6.438981e+005	
6.467596e+005	6.467596e+005	6.467596e+005	
6.495408e+005	6.495408e+005	6.495408e+005	
6.425813e+005	6.425813e+005	6.425813e+005	
6.397275e+005	6.397275e+005	6.397275e+005	
6.345512e+005	6.345512e+005	6.345512e+005	
6.462361e+005	6.462361e+005	6.462361e+005	
6.384151e+005	6.384151e+005	6.384151e+005	
6.495408e+005	6.495408e+005	6.495408e+005	
6.397825e+005	6.397825e+005	6.397825e+005	
3.545868e+005	2.972390e+005	2.884200e+005	
4.440504e+005	3.711321e+005	3.598985e+005	
5.161094e+005	4.233338e+005	4.089930e+005	
5.811300e+005	4.769287e+005	4.607746e+005	
6.767939e+005	5.684064e+005	5.515814e+005	
7.458338e+005	6.396395e+005	6.231769e+005	
3.716443e+005	3.259749e+005	3.190354e+005	
4.802217e+005	4.225399e+005	4.137256e+005	
5.525239e+005	4.727622e+005	4.604695e+005	
6.264853e+005	5.359868e+005	5.219959e+005	
7.141778e+005	6.232678e+005	6.091696e+005	
7.552511e+005	6.625766e+005	6.482694e+005	
6.685219e+005	5.634586e+005	5.477633e+005	
6.081158e+005	5.037906e+005	4.880782e+005	
5.533686e+005	4.655805e+005	4.523418e+005	
5.030643e+005	4.308915e+005	4.200476e+005	
4.372644e+005	3.823988e+005	3.741855e+005	
3.715744e+005	3.318120e+005	3.258374e+005	
5.381293e+005	4.227433e+005	4.048766e+005	
5.120887e+005	4.058565e+005	3.894000e+005	
4.790119e+005	3.838063e+005	3.691387e+005	
4.584243e+005	3.832530e+005	3.716710e+005	
4.005257e+005	3.368299e+005	3.270479e+005	
3.467330e+005	2.935725e+005	2.854123e+005	
2.219343e+005	1.834876e+005	1.775464e+005	
2.905857e+005	2.362143e+005	2.278098e+005	
3.609252e+005	2.875726e+005	2.762175e+005	
4.902602e+005	4.035265e+005	3.900723e+005	
6.826105e+005	5.939666e+005	5.802060e+005	
7.700984e+005	6.592558e+005	6.420662e+005	
2.621626e+005	2.289095e+005	2.238126e+005	
3.407796e+005	2.948341e+005	2.877618e+005	
4.241654e+005	3.577082e+005	3.474393e+005	
5.611674e+005	4.763903e+005	4.632433e+005	
7.163901e+005	6.352300e+005	6.226436e+005	
7.825219e+005	6.778243e+005	6.616337e+005	
6.357368e+005	5.088781e+005	4.897194e+005	
5.188728e+005	4.135441e+005	3.973111e+005	
4.186268e+005	3.427494e+005	3.310901e+005	
3.601431e+005	3.071320e+005	2.989902e+005	
3.178642e+005	2.784148e+005	2.723623e+005	
2.670286e+005	2.399213e+005	2.357908e+005	
2.309815e+005	1.912479e+005	1.852163e+005	
2.831769e+005	2.271842e+005	2.187083e+005	
3.593506e+005	2.846655e+005	2.732409e+005	
4.853105e+005	3.945677e+005	3.806636e+005	
7.019433e+005	6.166362e+005	6.035699e+005	
7.812882e+005	6.736268e+005	6.570441e+005	
2.665612e+005	2.231522e+005	2.165714e+005	
3.299998e+005	2.707892e+005	2.618233e+005	
4.099022e+005	3.304171e+005	3.182810e+005	
5.253404e+005	4.336745e+005	4.196818e+005	
7.049194e+005	6.168054e+005	6.033319e+005	
7.705174e+005	6.643403e+005	6.479861e+005	
6.361986e+005	5.750287e+005	5.659519e+005	
5.686935e+005	4.994695e+005	4.891802e+005	
5.129754e+005	4.459779e+005	4.360414e+005	
4.714335e+005	4.128921e+005	4.042051e+005	
4.350090e+005	3.891688e+005	3.824120e+005	
4.096005e+005	3.743611e+005	3.691645e+005	
6.383479e+005	5.582585e+005	5.464058e+005	
5.407451e+005	4.517461e+005	4.385772e+005	
4.668019e+005	3.864756e+005	3.746195e+005	
4.062396e+005	3.385350e+005	3.286056e+005	
3.633032e+005	3.121736e+005	3.047382e+005	
3.267484e+005	2.882589e+005	2.826535e+005	
6.510688e+005	5.493719e+005	5.342534e+005	
5.351466e+005	4.234713e+005	4.068736e+005	
4.416126e+005	3.431880e+005	3.286074e+005	
3.744491e+005	2.949712e+005	2.832929e+005	
3.227727e+005	2.652243e+005	2.567612e+005	
2.881688e+005	2.441675e+005	2.377453e+005	
5.689563e+005	5.424263e+005	5.382885e+005	
5.767326e+005	5.417730e+005	5.363203e+005	
5.836892e+005	5.472237e+005	5.415358e+005	
5.917803e+005	5.511919e+005	5.448611e+005	
6.143741e+005	5.774439e+005	5.716833e+005	
6.449653e+005	6.179463e+005	6.137319e+005	
5.014924e+005	4.559818e+005	4.488831e+005	
5.064519e+005	4.540407e+005	4.458658e+005	
5.101724e+005	4.556855e+005	4.471932e+005	
5.251159e+005	4.690163e+005	4.602663e+005	
5.567946e+005	4.948477e+005	4.851875e+005	
6.474906e+005	5.913482e+005	5.825913e+005	
2.821822e+005	1.921851e+005	1.781476e+005	
8.495138e+004	3.707156e+004	2.960331e+004	
6.056623e+004	2.128007e+004	1.515226e+004	
5.091700e+004	1.389850e+004	8.124405e+003	
4.821596e+004	1.179992e+004	6.119785e+003	
3.501908e+004	8.386822e+003	4.232762e+003	
1.049402e+005	1.046436e+005	1.046053e+005	
1.020351e+005	1.013630e+005	1.012636e+005	
1.083140e+005	1.061546e+005	1.058270e+005	
1.221043e+005	1.138989e+005	1.126269e+005	
2.133100e+005	1.781479e+005	1.726698e+005	
5.815019e+005	4.981930e+005	4.851986e+005	
8.956185e+004	8.906767e+004	8.900844e+004	
9.282932e+004	9.202133e+004	9.189950e+004	
9.271846e+004	9.025412e+004	8.988220e+004	
1.142963e+005	1.067308e+005	1.055614e+005	
1.745760e+005	1.422687e+005	1.372451e+005	
5.121787e+005	4.269708e+005	4.136891e+005	
4.544119e+004	1.160096e+004	6.354329e+003	
4.907985e+004	1.223680e+004	6.525054e+003	
5.433461e+004	1.533798e+004	9.277215e+003	
7.207844e+004	2.963357e+004	2.303969e+004	
1.650449e+005	9.723877e+004	8.670256e+004	
5.631322e+005	4.596408e+005	4.435625e+005	
6.163366e+005	5.531219e+005	5.436158e+005	
5.656743e+005	4.945139e+005	4.837937e+005	
5.316203e+005	4.598744e+005	4.490575e+005	
5.176834e+005	4.468795e+005	4.362151e+005	
4.934072e+005	4.318408e+005	4.225573e+005	
4.766721e+005	4.331495e+005	4.265726e+005	
6.250825e+005	5.789956e+005	5.720772e+005	
5.885320e+005	5.343743e+005	5.262218e+005	
5.606120e+005	5.036553e+005	4.950684e+005	
5.330108e+005	4.771607e+005	4.687542e+005	
5.080079e+005	4.622977e+005	4.553986e+005	
5.185971e+005	4.712465e+005	4.640912e+005	
6.258333e+005	6.241506e+005	6.239034e+005	
6.295920e+005	6.276067e+005	6.273168e+005	
6.322631e+005	6.300538e+005	6.297264e+005	
6.285496e+005	6.264775e+005	6.261734e+005	
6.296437e+005	6.273168e+005	6.269731e+005	
6.306763e+005	6.283455e+005	6.280014e+005	
6.233670e+005	6.199672e+005	6.194650e+005	
6.245228e+005	6.204501e+005	6.198483e+005	
6.303168e+005	6.258311e+005	6.251686e+005	
6.240739e+005	6.201042e+005	6.195184e+005	
6.338872e+005	6.303697e+005	6.298493e+005	
6.351007e+005	6.317677e+005	6.312730e+005	
6.143284e+005	6.092278e+005	6.084739e+005	
6.211448e+005	6.170942e+005	6.164956e+005	
6.224923e+005	6.140691e+005	6.128241e+005	
6.236794e+005	6.150766e+005	6.138050e+005	
6.324496e+005	6.253657e+005	6.243139e+005	
6.351949e+005	6.318615e+005	6.313668e+005	
6.830994e+005	6.040114e+005	5.921783e+005	
6.140439e+005	5.267882e+005	5.138355e+005	
5.603486e+005	4.785497e+005	4.664272e+005	
5.073762e+005	4.412293e+005	4.315644e+005	
4.407176e+005	3.881935e+005	3.805032e+005	
3.846139e+005	3.436906e+005	3.377000e+005	
6.724166e+005	5.866610e+005	5.739156e+005	
5.953963e+005	4.965551e+005	4.819558e+005	
5.313062e+005	4.365053e+005	4.225497e+005	
4.678248e+005	3.870579e+005	3.751847e+005	
3.969739e+005	3.340718e+005	3.248233e+005	
3.592078e+005	3.115291e+005	3.045497e+005	
6.685506e+005	5.860901e+005	5.738474e+005	
5.674033e+005	4.700993e+005	4.557089e+005	
4.979478e+005	4.056725e+005	3.920643e+005	
4.450858e+005	3.635287e+005	3.515054e+005	
3.903321e+005	3.255072e+005	3.159476e+005	
3.486784e+005	2.907713e+005	2.822318e+005	
5.748661e+005	4.758847e+005	4.606716e+005	
4.642137e+005	3.707282e+005	3.563870e+005	
4.073375e+005	3.396799e+005	3.293828e+005	
3.316174e+005	2.812313e+005	2.736314e+005	
2.493169e+005	2.090981e+005	2.030276e+005	
6.516573e+005	5.620599e+005	5.483534e+005	
5.729842e+005	4.855531e+005	4.721984e+005	
5.090740e+005	4.436064e+005	4.336736e+005	
4.264839e+005	3.820900e+005	3.754365e+005	
3.377873e+005	3.029496e+005	2.977592e+005	
2.334709e+005	1.669805e+005	1.569155e+005	
3.012434e+005	2.122737e+005	1.988146e+005	
3.654752e+005	2.611189e+005	2.453975e+005	
4.560083e+005	3.447703e+005	3.280449e+005	
6.143708e+005	5.099745e+005	4.942314e+005	
2.581905e+005	1.983435e+005	1.893188e+005	
3.425830e+005	2.611215e+005	2.488475e+005	
4.185803e+005	3.182914e+005	3.031941e+005	
5.184380e+005	4.180267e+005	4.029319e+005	
6.366719e+005	5.429377e+005	5.288644e+005	
7.353013e+005	6.116228e+005	5.925031e+005	
7.127880e+005	5.756064e+005	5.544384e+005	
6.352740e+005	5.431824e+005	5.290850e+005	
4.435177e+005	4.059178e+005	4.004190e+005	
2.654818e+005	2.387808e+005	2.348645e+005	
5.820217e+005	4.556948e+005	4.361201e+005	
5.433334e+005	4.096758e+005	3.889953e+005	
4.809492e+005	3.866906e+005	3.721911e+005	
3.248983e+005	2.802209e+005	2.734699e+005	
1.917335e+005	1.591344e+005	1.542351e+005	
2.261658e+005	1.728398e+005	1.647651e+005	
3.227342e+005	2.317546e+005	2.179378e+005	
4.103793e+005	2.805644e+005	2.609172e+005	
4.597775e+005	3.221556e+005	3.014210e+005	
5.798823e+005	4.545150e+005	4.356430e+005	
7.763379e+005	6.332533e+005	6.111058e+005	
7.890300e+005	6.233324e+005	5.976475e+005	
7.197078e+005	5.953588e+005	5.761814e+005	
4.045508e+005	3.656318e+005	3.599256e+005	
2.011641e+005	1.740400e+005	1.700722e+005	
7.736400e+005	6.310526e+005	6.089821e+005	
7.872431e+005	6.219206e+005	5.962939e+005	
7.128702e+005	5.871985e+005	5.678523e+005	
4.098786e+005	3.744731e+005	3.693284e+005	
1.939840e+005	1.690383e+005	1.654027e+005	
2.331519e+005	1.766768e+005	1.682041e+005	
3.304483e+005	2.513598e+005	2.395678e+005	
4.294683e+005	3.286102e+005	3.134951e+005	
5.628306e+005	4.504140e+005	4.336106e+005	
7.156218e+005	6.137529e+005	5.984975e+005	
2.537293e+005	2.014414e+005	1.936111e+005	
3.661494e+005	2.926390e+005	2.816566e+005	
4.688618e+005	3.648266e+005	3.491912e+005	
5.956172e+005	4.751061e+005	4.570001e+005	
7.217579e+005	6.156478e+005	5.997260e+005	
3.240499e+005	2.781369e+005	2.712816e+005	
4.641373e+005	3.985529e+005	3.887616e+005	
5.805351e+005	4.777680e+005	4.622526e+005	
6.664234e+005	5.503723e+005	5.328231e+005	
7.330125e+005	6.317117e+005	6.164559e+005	
5.880361e+005	4.843062e+005	4.684970e+005	
4.470139e+005	3.479428e+005	3.328587e+005	
3.669755e+005	2.876915e+005	2.757039e+005	
3.063119e+005	2.442903e+005	2.349366e+005	
2.524344e+005	2.054103e+005	1.983332e+005	
6.293823e+005	5.354146e+005	5.212020e+005	
5.240456e+005	4.338452e+005	4.201918e+005	
4.303858e+005	3.534814e+005	3.418928e+005	
3.595523e+005	2.974197e+005	2.881098e+005	
2.876472e+005	2.377321e+005	2.302757e+005	
1.927896e+004	7.193133e+003	5.310809e+003	
2.600670e+004	1.011068e+004	7.631235e+003	
4.064295e+004	1.936981e+004	1.605166e+004	
1.109131e+005	7.210263e+004	6.604901e+004	
4.262032e+005	3.423427e+005	3.292641e+005	
3.005084e+005	2.214640e+005	2.092044e+005	
1.061624e+005	8.221751e+004	7.854992e+004	
6.626750e+004	5.403705e+004	5.216914e+004	
5.744569e+004	4.817075e+004	4.677871e+004	
4.282687e+004	3.548773e+004	3.439261e+004	
2.571474e+005	1.770779e+005	1.646882e+005	
9.302299e+004	6.734251e+004	6.339779e+004	
6.259889e+004	5.116043e+004	4.944318e+004	
4.617184e+004	3.808545e+004	3.690511e+004	
3.952754e+004	3.426538e+004	3.349905e+004	
3.013208e+005	2.239438e+005	2.119377e+005	
7.237653e+004	4.046034e+004	3.550168e+004	
3.488071e+004	1.541795e+004	1.239721e+004	
2.229072e+004	7.136716e+003	4.786503e+003	
1.525790e+004	3.927875e+003	2.172745e+003	
2.425632e+005	1.847133e+005	1.760547e+005	
3.105974e+005	2.347352e+005	2.233683e+005	
4.029743e+005	3.143070e+005	3.009558e+005	
5.132759e+005	4.189972e+005	4.048039e+005	
6.711885e+005	5.795703e+005	5.657961e+005	
2.795245e+005	2.230879e+005	2.146233e+005	
3.627900e+005	2.918845e+005	2.812783e+005	
4.586881e+005	3.757918e+005	3.633697e+005	
5.770484e+005	4.871047e+005	4.735942e+005	
6.897753e+005	6.061378e+005	5.936014e+005	
6.587908e+005	5.368967e+005	5.185625e+005	
5.775662e+005	4.612532e+005	4.437727e+005	
4.775143e+005	3.929250e+005	3.803602e+005	
3.835522e+005	3.181415e+005	3.084945e+005	
3.070592e+005	2.594521e+005	2.523629e+005	
6.347018e+005	5.145830e+005	4.965013e+005	
5.365834e+005	4.199843e+005	4.024926e+005	
4.343461e+005	3.473937e+005	3.345117e+005	
3.539670e+005	2.893113e+005	2.797209e+005	
2.907647e+005	2.457867e+005	2.390852e+005	
6.129316e+005	4.897644e+005	4.712582e+005	
5.139898e+005	4.023393e+005	3.856624e+005	
4.246584e+005	3.366134e+005	3.235103e+005	
3.359284e+005	2.699972e+005	2.602224e+005	
2.818168e+005	2.357796e+005	2.289530e+005	
1.959206e+005	1.416812e+005	1.334990e+005	
2.515821e+005	1.733123e+005	1.614886e+005	
3.204609e+005	2.215420e+005	2.066112e+005	
4.205480e+005	2.972562e+005	2.787308e+005	
5.611493e+005	4.326528e+005	4.134549e+005	
1.606300e+005	9.509162e+004	8.517628e+004	
2.194368e+005	1.269757e+005	1.130129e+005	
3.098761e+005	1.989853e+005	1.822417e+005	
4.250019e+005	2.950734e+005	2.755035e+005	
5.650189e+005	4.321543e+005	4.122893e+005	
1.881370e+005	1.225998e+005	1.126704e+005	
2.511947e+005	1.593529e+005	1.454908e+005	
3.263718e+005	2.145713e+005	1.977544e+005	
4.444343e+005	3.199124e+005	3.012313e+005	
5.704558e+005	4.467048e+005	4.282150e+005	
